0  0  0  0
0.00241191  1.58299  0  0.982545
0.00482382  5.50828  0  3.41893
0.00723573  10.784  0  6.6935
0.00964764  16.6869  0  10.3574
0.0120596  22.7027  0  14.0914
0.0144715  28.4774  0  17.6757
0.0168834  33.7794  0  20.9665
0.0192953  38.4691  0  23.8774
0.0217072  42.4754  0  26.364
0.0241191  45.7766  0  28.413
0.026531  48.3864  0  30.033
0.0289429  50.3429  0  31.2473
0.0313548  51.6993  0  32.0892
0.0337667  52.5185  0  32.5977
0.0361787  52.8674  0  32.8143
0.0385906  52.8143  0  32.7813
0.0410025  52.4254  0  32.5399
0.0434144  51.764  0  32.1294
0.0458263  50.8888  0  31.5862
0.0482382  49.8534  0  30.9435
0.0506501  48.7059  0  30.2312
0.053062  47.4888  0  29.4758
0.0554739  46.2392  0  28.7002
0.0578858  44.989  0  27.9242
0.0602978  43.765  0  27.1645
0.0627097  42.5895  0  26.4349
0.0651216  41.4806  0  25.7466
0.0675335  40.4525  0  25.1084
0.0699454  39.516  0  24.5272
0.0723573  38.679  0  24.0076
0.0747692  37.9465  0  23.553
0.0771811  37.3216  0  23.1651
0.079593  36.8049  0  22.8444
0.0820049  36.3957  0  22.5904
0.0844169  36.0917  0  22.4018
0.0868288  35.8897  0  22.2763
0.0892407  35.7851  0  22.2114
0.0916526  35.7729  0  22.2039
0.0940645  35.8474  0  22.2501
0.0964764  36.0026  0  22.3465
0.0988883  36.232  0  22.4888
0.1013  36.5291  0  22.6732
0.103712  36.8872  0  22.8955
0.106124  37.2997  0  23.1515
0.108536  37.7599  0  23.4372
0.110948  38.2616  0  23.7486
0.11336  38.7983  0  24.0817
0.115772  39.3642  0  24.433
0.118184  39.9534  0  24.7987
0.120596  40.5605  0  25.1755
0.123007  41.1801  0  25.5601
0.125419  41.8075  0  25.9495
0.127831  42.438  0  26.3408
0.130243  43.0674  0  26.7315
0.132655  43.6916  0  27.1189
0.135067  44.3072  0  27.501
0.137479  44.9106  0  27.8755
0.139891  45.4989  0  28.2407
0.142303  46.0693  0  28.5948
0.144715  46.6194  0  28.9362
0.147127  47.1469  0  29.2636
0.149538  47.6499  0  29.5758
0.15195  48.1267  0  29.8717
0.154362  48.5758  0  30.1505
0.156774  48.9959  0  30.4113
0.159186  49.3861  0  30.6534
0.161598  49.7454  0  30.8765
0.16401  50.0732  0  31.0799
0.166422  50.369  0  31.2635
0.168834  50.6324  0  31.427
0.171246  50.8633  0  31.5703
0.173658  51.0615  0  31.6934
0.176069  51.2272  0  31.7962
0.178481  51.3604  0  31.8789
0.180893  51.4615  0  31.9416
0.183305  51.5308  0  31.9846
0.185717  51.5688  0  32.0082
0.188129  51.576  0  32.0127
0.190541  51.5529  0  31.9984
0.192953  51.5003  0  31.9657
0.195365  51.4189  0  31.9152
0.197777  51.3093  0  31.8472
0.200189  51.1725  0  31.7622
0.2026  51.0092  0  31.6609
0.205012  50.8203  0  31.5436
0.207424  50.6066  0  31.411
0.209836  50.3691  0  31.2636
0.212248  50.1087  0  31.102
0.21466  49.8264  0  30.9267
0.217072  49.523  0  30.7384
0.219484  49.1995  0  30.5376
0.221896  48.8569  0  30.325
0.224308  48.4961  0  30.101
0.22672  48.118  0  29.8664
0.229131  47.7236  0  29.6216
0.231543  47.3138  0  29.3672
0.233955  46.8896  0  29.1039
0.236367  46.4517  0  28.8321
0.238779  46.0011  0  28.5524
0.241191  45.5388  0  28.2654
0.243603  45.0654  0  27.9717
0.246015  44.582  0  27.6716
0.248427  44.0892  0  27.3657
0.250839  43.588  0  27.0546
0.253251  43.079  0  26.7387
0.255662  42.5631  0  26.4185
0.258074  42.041  0  26.0944
0.260486  41.5134  0  25.767
0.262898  40.9811  0  25.4365
0.26531  40.4446  0  25.1035
0.267722  39.9047  0  24.7684
0.270134  39.3619  0  24.4315
0.272546  38.817  0  24.0933
0.274958  38.2704  0  23.7541
0.27737  37.7228  0  23.4142
0.279782  37.1747  0  23.074
0.282193  36.6267  0  22.7338
0.284605  36.0792  0  22.394
0.287017  35.5326  0  22.0547
0.289429  34.9876  0  21.7164
0.291841  34.4445  0  21.3793
0.294253  33.9037  0  21.0437
0.296665  33.3657  0  20.7097
0.299077  32.8308  0  20.3777
0.301489  32.2994  0  20.0479
0.303901  31.7718  0  19.7204
0.306313  31.2484  0  19.3956
0.308724  30.7295  0  19.0735
0.311136  30.2153  0  18.7543
0.313548  29.7062  0  18.4383
0.31596  29.2023  0  18.1256
0.318372  28.704  0  17.8163
0.320784  28.2115  0  17.5106
0.323196  27.7249  0  17.2086
0.325608  27.2445  0  16.9104
0.32802  26.7705  0  16.6161
0.330432  26.3029  0  16.326
0.332844  25.8421  0  16.0399
0.335255  25.388  0  15.7581
0.337667  24.941  0  15.4806
0.340079  24.5009  0  15.2075
0.342491  24.0681  0  14.9388
0.344903  23.6425  0  14.6747
0.347315  23.2243  0  14.4151
0.349727  22.8135  0  14.1601
0.352139  22.4101  0  13.9097
0.354551  22.0143  0  13.6641
0.356963  21.6261  0  13.4231
0.359375  21.2455  0  13.1869
0.361787  20.8725  0  12.9554
0.364198  20.5072  0  12.7286
0.36661  20.1496  0  12.5067
0.369022  19.7997  0  12.2894
0.371434  19.4574  0  12.077
0.373846  19.1227  0  11.8693
0.376258  18.7957  0  11.6663
0.37867  18.4764  0  11.4681
0.381082  18.1646  0  11.2746
0.383494  17.8603  0  11.0857
0.385906  17.5636  0  10.9015
0.388318  17.2743  0  10.722
0.390729  16.9925  0  10.5471
0.393141  16.718  0  10.3767
0.395553  16.4508  0  10.2108
0.397965  16.1908  0  10.0495
0.400377  15.9381  0  9.89259
0.402789  15.6924  0  9.74009
0.405201  15.4537  0  9.59196
0.407613  15.222  0  9.44814
0.410025  14.9971  0  9.30858
0.412437  14.7791  0  9.17323
0.414849  14.5677  0  9.04204
0.41726  14.363  0  8.91495
0.419672  14.1648  0  8.79192
0.422084  13.973  0  8.67288
0.424496  13.7875  0  8.55777
0.426908  13.6083  0  8.44654
0.42932  13.4353  0  8.33912
0.431732  13.2682  0  8.23546
0.434144  13.1072  0  8.1355
0.436556  12.952  0  8.03917
0.438968  12.8025  0  7.94641
0.44138  12.6587  0  7.85715
0.443791  12.5205  0  7.77135
0.446203  12.3877  0  7.68892
0.448615  12.2602  0  7.60981
0.451027  12.138  0  7.53395
0.453439  12.0209  0  7.46128
0.455851  11.9089  0  7.39173
0.458263  11.8018  0  7.32525
0.460675  11.6995  0  7.26176
0.463087  11.6019  0  7.20121
0.465499  11.509  0  7.14352
0.467911  11.4206  0  7.08864
0.470322  11.3366  0  7.0365
0.472734  11.2569  0  6.98704
0.475146  11.1814  0  6.94019
0.477558  11.1101  0  6.8959
0.47997  11.0427  0  6.85409
0.482382  10.9793  0  6.81472
0.484794  10.9197  0  6.77772
0.487206  10.8638  0  6.74302
0.489618  10.8115  0  6.71058
0.49203  10.7627  0  6.68032
0.494442  10.7174  0  6.65219
0.496853  10.6754  0  6.62613
0.499265  10.6367  0  6.60209
0.501677  10.6011  0  6.58001
0.504089  10.5686  0  6.55982
0.506501  10.5391  0  6.54148
0.508913  10.5124  0  6.52493
0.511325  10.4885  0  6.51012
0.513737  10.4674  0  6.49699
0.516149  10.4488  0  6.48548
0.518561  10.4328  0  6.47556
0.520973  10.4193  0  6.46716
0.523384  10.4082  0  6.46024
0.525796  10.3993  0  6.45475
0.528208  10.3927  0  6.45063
0.53062  10.3882  0  6.44785
0.533032  10.3858  0  6.44634
0.535444  10.3853  0  6.44608
0.537856  10.3868  0  6.447
0.540268  10.3902  0  6.44907
0.54268  10.3953  0  6.45224
0.545092  10.4021  0  6.45646
0.547504  10.4105  0  6.46171
0.549915  10.4205  0  6.46793
0.552327  10.4321  0  6.47508
0.554739  10.445  0  6.48312
0.557151  10.4594  0  6.49202
0.559563  10.475  0  6.50173
0.561975  10.4919  0  6.51222
0.564387  10.51  0  6.52346
0.566799  10.5292  0  6.5354
0.569211  10.5496  0  6.548
0.571623  10.5709  0  6.56125
0.574035  10.5932  0  6.57509
0.576446  10.6164  0  6.58951
0.578858  10.6405  0  6.60446
0.58127  10.6654  0  6.61991
0.583682  10.6911  0  6.63584
0.586094  10.7175  0  6.65222
0.588506  10.7445  0  6.669
0.590918  10.7722  0  6.68618
0.59333  10.8004  0  6.70371
0.595742  10.8292  0  6.72158
0.598154  10.8585  0  6.73975
0.600566  10.8882  0  6.7582
0.602978  10.9183  0  6.77691
0.605389  10.9489  0  6.79584
0.607801  10.9797  0  6.81498
0.610213  11.0108  0  6.83431
0.612625  11.0422  0  6.85379
0.615037  11.0738  0  6.87341
0.617449  11.1056  0  6.89316
0.619861  11.1376  0  6.91299
0.622273  11.1697  0  6.93291
0.624685  11.2019  0  6.95288
0.627097  11.2341  0  6.9729
0.629509  11.2664  0  6.99293
0.63192  11.2987  0  7.01297
0.634332  11.3309  0  7.03299
0.636744  11.3631  0  7.05298
0.639156  11.3953  0  7.07293
0.641568  11.4273  0  7.09281
0.64398  11.4592  0  7.11262
0.646392  11.491  0  7.13233
0.648804  11.5226  0  7.15194
0.651216  11.554  0  7.17143
0.653628  11.5852  0  7.19079
0.65604  11.6161  0  7.21001
0.658451  11.6468  0  7.22907
0.660863  11.6773  0  7.24796
0.663275  11.7074  0  7.26667
0.665687  11.7373  0  7.28519
0.668099  11.7668  0  7.30351
0.670511  11.796  0  7.32162
0.672923  11.8248  0  7.33952
0.675335  11.8532  0  7.35718
0.677747  11.8813  0  7.37461
0.680159  11.909  0  7.39179
0.682571  11.9363  0  7.40871
0.684982  11.9631  0  7.42538
0.687394  11.9895  0  7.44178
0.689806  12.0155  0  7.4579
0.692218  12.041  0  7.47374
0.69463  12.0661  0  7.48929
0.697042  12.0907  0  7.50455
0.699454  12.1148  0  7.5195
0.701866  12.1384  0  7.53416
0.704278  12.1615  0  7.5485
0.70669  12.1841  0  7.56253
0.709102  12.2062  0  7.57624
0.711513  12.2277  0  7.58962
0.713925  12.2488  0  7.60268
0.716337  12.2693  0  7.61541
0.718749  12.2892  0  7.62781
0.721161  12.3087  0  7.63986
0.723573  12.3276  0  7.65158
0.725985  12.3459  0  7.66296
0.728397  12.3637  0  7.67399
0.730809  12.3809  0  7.68467
0.733221  12.3975  0  7.69501
0.735633  12.4136  0  7.70499
0.738044  12.4291  0  7.71463
0.740456  12.4441  0  7.7239
0.742868  12.4584  0  7.73283
0.74528  12.4723  0  7.7414
0.747692  12.4855  0  7.74961
0.750104  12.4981  0  7.75746
0.752516  12.5102  0  7.76496
0.754928  12.5217  0  7.7721
0.75734  12.5326  0  7.77888
0.759752  12.543  0  7.78531
0.762164  12.5528  0  7.79138
0.764575  12.562  0  7.79709
0.766987  12.5706  0  7.80244
0.769399  12.5786  0  7.80744
0.771811  12.5861  0  7.81208
0.774223  12.593  0  7.81637
0.776635  12.5994  0  7.8203
0.779047  12.6051  0  7.82388
0.781459  12.6103  0  7.82711
0.783871  12.615  0  7.82999
0.786283  12.6191  0  7.83253
0.788695  12.6226  0  7.83471
0.791106  12.6256  0  7.83655
0.793518  12.628  0  7.83805
0.79593  12.6298  0  7.8392
0.798342  12.6311  0  7.84002
0.800754  12.6319  0  7.8405
0.803166  12.6321  0  7.84064
0.805578  12.6318  0  7.84045
0.80799  12.631  0  7.83993
0.810402  12.6296  0  7.83907
0.812814  12.6277  0  7.8379
0.815226  12.6253  0  7.83639
0.817637  12.6224  0  7.83457
0.820049  12.6189  0  7.83243
0.822461  12.6149  0  7.82997
0.824873  12.6105  0  7.82719
0.827285  12.6055  0  7.82411
0.829697  12.6  0  7.82071
0.832109  12.5941  0  7.81701
0.834521  12.5876  0  7.81301
0.836933  12.5807  0  7.80871
0.839345  12.5733  0  7.80411
0.841757  12.5654  0  7.79921
0.844169  12.557  0  7.79403
0.84658  12.5482  0  7.78855
0.848992  12.5389  0  7.78279
0.851404  12.5292  0  7.77675
0.853816  12.519  0  7.77043
0.856228  12.5084  0  7.76383
0.85864  12.4973  0  7.75696
0.861052  12.4858  0  7.74982
0.863464  12.4739  0  7.74241
0.865876  12.4615  0  7.73474
0.868288  12.4488  0  7.72681
0.8707  12.4356  0  7.71862
0.873111  12.422  0  7.71018
0.875523  12.4079  0  7.70149
0.877935  12.3935  0  7.69254
0.880347  12.3787  0  7.68336
0.882759  12.3636  0  7.67393
0.885171  12.348  0  7.66427
0.887583  12.332  0  7.65437
0.889995  12.3157  0  7.64423
0.892407  12.299  0  7.63387
0.894819  12.282  0  7.62329
0.897231  12.2646  0  7.61248
0.899642  12.2468  0  7.60146
0.902054  12.2287  0  7.59021
0.904466  12.2102  0  7.57876
0.906878  12.1914  0  7.5671
0.90929  12.1723  0  7.55523
0.911702  12.1529  0  7.54316
0.914114  12.1331  0  7.53089
0.916526  12.113  0  7.51842
0.918938  12.0926  0  7.50576
0.92135  12.0719  0  7.49291
0.923762  12.0509  0  7.47987
0.926173  12.0296  0  7.46665
0.928585  12.008  0  7.45325
0.930997  11.9861  0  7.43967
0.933409  11.964  0  7.42591
0.935821  11.9415  0  7.41199
0.938233  11.9188  0  7.39789
0.940645  11.8959  0  7.38363
0.943057  11.8726  0  7.36921
0.945469  11.8491  0  7.35463
0.947881  11.8254  0  7.33989
0.950293  11.8014  0  7.325
0.952704  11.7771  0  7.30995
0.955116  11.7527  0  7.29476
0.957528  11.728  0  7.27943
0.95994  11.703  0  7.26395
0.962352  11.6779  0  7.24833
0.964764  11.6525  0  7.23258
0.967176  11.6269  0  7.21669
0.969588  11.6011  0  7.20067
0.972  11.5751  0  7.18453
0.974412  11.5489  0  7.16826
0.976824  11.5224  0  7.15186
0.979235  11.4958  0  7.13535
0.981647  11.469  0  7.11872
0.984059  11.4421  0  7.10197
0.986471  11.4149  0  7.08512
0.988883  11.3876  0  7.06815
0.991295  11.3601  0  7.05108
0.993707  11.3324  0  7.0339
0.996119  11.3046  0  7.01662
0.998531  11.2766  0  6.99924
1.00094  11.2484  0  6.98176
1.00335  11.2201  0  6.96419
1.00577  11.1916  0  6.94653
1.00818  11.163  0  6.92878
1.01059  11.1343  0  6.91094
1.013  11.1054  0  6.89302
1.01541  11.0764  0  6.87501
1.01783  11.0473  0  6.85693
1.02024  11.018  0  6.83876
1.02265  10.9886  0  6.82052
1.02506  10.9591  0  6.80221
1.02747  10.9295  0  6.78383
1.02989  10.8998  0  6.76537
1.0323  10.8699  0  6.74685
1.03471  10.84  0  6.72827
1.03712  10.8099  0  6.70962
1.03953  10.7798  0  6.69092
1.04195  10.7496  0  6.67215
1.04436  10.7192  0  6.65333
1.04677  10.6888  0  6.63445
1.04918  10.6583  0  6.61552
1.05159  10.6278  0  6.59654
1.054  10.5971  0  6.57751
1.05642  10.5664  0  6.55844
1.05883  10.5356  0  6.53932
1.06124  10.5047  0  6.52015
1.06365  10.4738  0  6.50095
1.06606  10.4428  0  6.48171
1.06848  10.4117  0  6.46243
1.07089  10.3806  0  6.44311
1.0733  10.3494  0  6.42376
1.07571  10.3182  0  6.40438
1.07812  10.2869  0  6.38496
1.08054  10.2556  0  6.36552
1.08295  10.2242  0  6.34605
1.08536  10.1928  0  6.32656
1.08777  10.1613  0  6.30704
1.09018  10.1299  0  6.2875
1.0926  10.0983  0  6.26794
1.09501  10.0668  0  6.24836
1.09742  10.0352  0  6.22876
1.09983  10.0036  0  6.20914
1.10224  9.97199  0  6.18951
1.10465  9.94034  0  6.16987
1.10707  9.90868  0  6.15021
1.10948  9.87699  0  6.13055
1.11189  9.84529  0  6.11087
1.1143  9.81358  0  6.09119
1.11671  9.78186  0  6.0715
1.11913  9.75013  0  6.05181
1.12154  9.7184  0  6.03211
1.12395  9.68666  0  6.01241
1.12636  9.65492  0  5.99271
1.12877  9.62318  0  5.97301
1.13119  9.59144  0  5.95331
1.1336  9.5597  0  5.93361
1.13601  9.52798  0  5.91392
1.13842  9.49625  0  5.89423
1.14083  9.46454  0  5.87454
1.14325  9.43284  0  5.85487
1.14566  9.40116  0  5.8352
1.14807  9.36949  0  5.81554
1.15048  9.33783  0  5.7959
1.15289  9.3062  0  5.77626
1.1553  9.27458  0  5.75664
1.15772  9.24299  0  5.73703
1.16013  9.21142  0  5.71743
1.16254  9.17987  0  5.69785
1.16495  9.14835  0  5.67829
1.16736  9.11686  0  5.65874
1.16978  9.0854  0  5.63922
1.17219  9.05397  0  5.61971
1.1746  9.02258  0  5.60022
1.17701  8.99121  0  5.58075
1.17942  8.95989  0  5.56131
1.18184  8.9286  0  5.54189
1.18425  8.89735  0  5.52249
1.18666  8.86613  0  5.50312
1.18907  8.83496  0  5.48377
1.19148  8.80383  0  5.46445
1.1939  8.77275  0  5.44515
1.19631  8.74171  0  5.42589
1.19872  8.71071  0  5.40665
1.20113  8.67977  0  5.38744
1.20354  8.64887  0  5.36826
1.20596  8.61802  0  5.34911
1.20837  8.58722  0  5.33
1.21078  8.55647  0  5.31091
1.21319  8.52577  0  5.29186
1.2156  8.49513  0  5.27284
1.21801  8.46455  0  5.25386
1.22043  8.43402  0  5.23491
1.22284  8.40354  0  5.21599
1.22525  8.37313  0  5.19711
1.22766  8.34277  0  5.17827
1.23007  8.31247  0  5.15947
1.23249  8.28224  0  5.1407
1.2349  8.25206  0  5.12197
1.23731  8.22195  0  5.10328
1.23972  8.1919  0  5.08463
1.24213  8.16191  0  5.06601
1.24455  8.13199  0  5.04744
1.24696  8.10214  0  5.02891
1.24937  8.07235  0  5.01042
1.25178  8.04263  0  4.99198
1.25419  8.01297  0  4.97357
1.25661  7.98339  0  4.95521
1.25902  7.95387  0  4.93689
1.26143  7.92443  0  4.91861
1.26384  7.89505  0  4.90038
1.26625  7.86575  0  4.88219
1.26866  7.83652  0  4.86405
1.27108  7.80736  0  4.84595
1.27349  7.77828  0  4.8279
1.2759  7.74926  0  4.80989
1.27831  7.72033  0  4.79193
1.28072  7.69147  0  4.77401
1.28314  7.66268  0  4.75615
1.28555  7.63397  0  4.73833
1.28796  7.60534  0  4.72055
1.29037  7.57678  0  4.70283
1.29278  7.5483  0  4.68515
1.2952  7.5199  0  4.66752
1.29761  7.49158  0  4.64995
1.30002  7.46334  0  4.63241
1.30243  7.43517  0  4.61493
1.30484  7.40709  0  4.5975
1.30726  7.37908  0  4.58012
1.30967  7.35116  0  4.56279
1.31208  7.32332  0  4.54551
1.31449  7.29556  0  4.52828
1.3169  7.26788  0  4.5111
1.31931  7.24028  0  4.49397
1.32173  7.21277  0  4.47689
1.32414  7.18534  0  4.45987
1.32655  7.15799  0  4.44289
1.32896  7.13073  0  4.42597
1.33137  7.10355  0  4.4091
1.33379  7.07645  0  4.39228
1.3362  7.04944  0  4.37551
1.33861  7.02251  0  4.3588
1.34102  6.99566  0  4.34214
1.34343  6.96891  0  4.32553
1.34585  6.94223  0  4.30897
1.34826  6.91564  0  4.29247
1.35067  6.88914  0  4.27602
1.35308  6.86273  0  4.25962
1.35549  6.83639  0  4.24328
1.35791  6.81015  0  4.22699
1.36032  6.78399  0  4.21075
1.36273  6.75792  0  4.19457
1.36514  6.73194  0  4.17844
1.36755  6.70604  0  4.16237
1.36996  6.68023  0  4.14635
1.37238  6.6545  0  4.13038
1.37479  6.62887  0  4.11447
1.3772  6.60332  0  4.09861
1.37961  6.57785  0  4.08281
1.38202  6.55248  0  4.06706
1.38444  6.52719  0  4.05136
1.38685  6.50199  0  4.03572
1.38926  6.47688  0  4.02013
1.39167  6.45186  0  4.0046
1.39408  6.42692  0  3.98912
1.3965  6.40207  0  3.9737
1.39891  6.37731  0  3.95833
1.40132  6.35264  0  3.94302
1.40373  6.32805  0  3.92776
1.40614  6.30356  0  3.91255
1.40856  6.27915  0  3.8974
1.41097  6.25483  0  3.88231
1.41338  6.23059  0  3.86726
1.41579  6.20645  0  3.85228
1.4182  6.18239  0  3.83735
1.42061  6.15842  0  3.82247
1.42303  6.13454  0  3.80765
1.42544  6.11075  0  3.79288
1.42785  6.08704  0  3.77816
1.43026  6.06342  0  3.7635
1.43267  6.03989  0  3.7489
1.43509  6.01645  0  3.73435
1.4375  5.9931  0  3.71985
1.43991  5.96983  0  3.70541
1.44232  5.94665  0  3.69102
1.44473  5.92356  0  3.67669
1.44715  5.90055  0  3.66241
1.44956  5.87763  0  3.64819
1.45197  5.8548  0  3.63402
1.45438  5.83206  0  3.6199
1.45679  5.8094  0  3.60584
1.45921  5.78683  0  3.59183
1.46162  5.76435  0  3.57787
1.46403  5.74195  0  3.56397
1.46644  5.71964  0  3.55012
1.46885  5.69742  0  3.53633
1.47127  5.67528  0  3.52259
1.47368  5.65323  0  3.5089
1.47609  5.63127  0  3.49527
1.4785  5.60939  0  3.48169
1.48091  5.58759  0  3.46816
1.48332  5.56589  0  3.45469
1.48574  5.54426  0  3.44127
1.48815  5.52273  0  3.4279
1.49056  5.50128  0  3.41459
1.49297  5.47991  0  3.40132
1.49538  5.45863  0  3.38811
1.4978  5.43743  0  3.37496
1.50021  5.41632  0  3.36185
1.50262  5.39529  0  3.3488
1.50503  5.37435  0  3.3358
1.50744  5.35349  0  3.32285
1.50986  5.33271  0  3.30996
1.51227  5.31202  0  3.29711
1.51468  5.29141  0  3.28432
1.51709  5.27088  0  3.27158
1.5195  5.25044  0  3.25889
1.52192  5.23008  0  3.24626
1.52433  5.2098  0  3.23367
1.52674  5.18961  0  3.22114
1.52915  5.1695  0  3.20865
1.53156  5.14947  0  3.19622
1.53397  5.12952  0  3.18384
1.53639  5.10965  0  3.17151
1.5388  5.08987  0  3.15923
1.54121  5.07016  0  3.147
1.54362  5.05054  0  3.13482
1.54603  5.031  0  3.12269
1.54845  5.01154  0  3.11061
1.55086  4.99216  0  3.09858
1.55327  4.97286  0  3.0866
1.55568  4.95364  0  3.07467
1.55809  4.9345  0  3.06279
1.56051  4.91544  0  3.05096
1.56292  4.89645  0  3.03918
1.56533  4.87755  0  3.02745
1.56774  4.85873  0  3.01576
1.57015  4.83998  0  3.00413
1.57257  4.82132  0  2.99254
1.57498  4.80273  0  2.981
1.57739  4.78422  0  2.96951
1.5798  4.76579  0  2.95807
1.58221  4.74743  0  2.94668
1.58462  4.72915  0  2.93534
1.58704  4.71095  0  2.92404
1.58945  4.69283  0  2.91279
1.59186  4.67478  0  2.90159
1.59427  4.65681  0  2.89043
1.59668  4.63892  0  2.87933
1.5991  4.6211  0  2.86827
1.60151  4.60335  0  2.85725
1.60392  4.58568  0  2.84629
1.60633  4.56809  0  2.83537
1.60874  4.55057  0  2.82449
1.61116  4.53313  0  2.81367
1.61357  4.51576  0  2.80289
1.61598  4.49847  0  2.79215
1.61839  4.48124  0  2.78146
1.6208  4.4641  0  2.77082
1.62322  4.44702  0  2.76022
1.62563  4.43002  0  2.74967
1.62804  4.41309  0  2.73916
1.63045  4.39624  0  2.7287
1.63286  4.37945  0  2.71828
1.63527  4.36274  0  2.70791
1.63769  4.3461  0  2.69758
1.6401  4.32953  0  2.6873
1.64251  4.31304  0  2.67706
1.64492  4.29661  0  2.66686
1.64733  4.28026  0  2.65671
1.64975  4.26397  0  2.6466
1.65216  4.24776  0  2.63654
1.65457  4.23162  0  2.62652
1.65698  4.21554  0  2.61654
1.65939  4.19954  0  2.60661
1.66181  4.1836  0  2.59672
1.66422  4.16774  0  2.58687
1.66663  4.15194  0  2.57707
1.66904  4.13621  0  2.5673
1.67145  4.12055  0  2.55758
1.67387  4.10496  0  2.54791
1.67628  4.08943  0  2.53827
1.67869  4.07398  0  2.52868
1.6811  4.05859  0  2.51912
1.68351  4.04326  0  2.50961
1.68593  4.02801  0  2.50014
1.68834  4.01282  0  2.49071
1.69075  3.99769  0  2.48133
1.69316  3.98264  0  2.47198
1.69557  3.96765  0  2.46268
1.69798  3.95272  0  2.45341
1.7004  3.93786  0  2.44419
1.70281  3.92306  0  2.435
1.70522  3.90833  0  2.42586
1.70763  3.89366  0  2.41676
1.71004  3.87906  0  2.40769
1.71246  3.86452  0  2.39867
1.71487  3.85004  0  2.38968
1.71728  3.83563  0  2.38074
1.71969  3.82128  0  2.37183
1.7221  3.807  0  2.36296
1.72452  3.79277  0  2.35414
1.72693  3.77861  0  2.34535
1.72934  3.76451  0  2.3366
1.73175  3.75048  0  2.32788
1.73416  3.7365  0  2.31921
1.73658  3.72259  0  2.31057
1.73899  3.70873  0  2.30197
1.7414  3.69494  0  2.29341
1.74381  3.68121  0  2.28489
1.74622  3.66754  0  2.2764
1.74863  3.65393  0  2.26796
1.75105  3.64038  0  2.25955
1.75346  3.62689  0  2.25117
1.75587  3.61345  0  2.24283
1.75828  3.60008  0  2.23453
1.76069  3.58677  0  2.22627
1.76311  3.57351  0  2.21804
1.76552  3.56031  0  2.20985
1.76793  3.54718  0  2.2017
1.77034  3.53409  0  2.19358
1.77275  3.52107  0  2.18549
1.77517  3.50811  0  2.17744
1.77758  3.4952  0  2.16943
1.77999  3.48234  0  2.16145
1.7824  3.46955  0  2.15351
1.78481  3.45681  0  2.14561
1.78723  3.44413  0  2.13773
1.78964  3.4315  0  2.1299
1.79205  3.41893  0  2.12209
1.79446  3.40641  0  2.11433
1.79687  3.39395  0  2.10659
1.79928  3.38155  0  2.09889
1.8017  3.3692  0  2.09123
1.80411  3.3569  0  2.08359
1.80652  3.34466  0  2.07599
1.80893  3.33247  0  2.06843
1.81134  3.32034  0  2.0609
1.81376  3.30826  0  2.0534
1.81617  3.29623  0  2.04593
1.81858  3.28425  0  2.0385
1.82099  3.27233  0  2.0311
1.8234  3.26046  0  2.02374
1.82582  3.24865  0  2.0164
1.82823  3.23688  0  2.0091
1.83064  3.22517  0  2.00183
1.83305  3.21351  0  1.99459
1.83546  3.2019  0  1.98739
1.83788  3.19034  0  1.98021
1.84029  3.17884  0  1.97307
1.8427  3.16738  0  1.96596
1.84511  3.15597  0  1.95888
1.84752  3.14462  0  1.95183
1.84993  3.13331  0  1.94482
1.85235  3.12206  0  1.93783
1.85476  3.11085  0  1.93087
1.85717  3.0997  0  1.92395
1.85958  3.08859  0  1.91706
1.86199  3.07753  0  1.91019
1.86441  3.06652  0  1.90336
1.86682  3.05556  0  1.89656
1.86923  3.04465  0  1.88978
1.87164  3.03378  0  1.88304
1.87405  3.02297  0  1.87633
1.87647  3.0122  0  1.86964
1.87888  3.00148  0  1.86299
1.88129  2.9908  0  1.85636
1.8837  2.98018  0  1.84977
1.88611  2.9696  0  1.8432
1.88853  2.95906  0  1.83666
1.89094  2.94858  0  1.83015
1.89335  2.93814  0  1.82367
1.89576  2.92774  0  1.81722
1.89817  2.91739  0  1.81079
1.90059  2.90709  0  1.8044
1.903  2.89683  0  1.79803
1.90541  2.88662  0  1.79169
1.90782  2.87645  0  1.78538
1.91023  2.86633  0  1.7791
1.91264  2.85625  0  1.77284
1.91506  2.84621  0  1.76661
1.91747  2.83622  0  1.76041
1.91988  2.82627  0  1.75424
1.92229  2.81637  0  1.74809
1.9247  2.80651  0  1.74197
1.92712  2.7967  0  1.73588
1.92953  2.78692  0  1.72981
1.93194  2.77719  0  1.72377
1.93435  2.7675  0  1.71776
1.93676  2.75786  0  1.71178
1.93918  2.74826  0  1.70581
1.94159  2.7387  0  1.69988
1.944  2.72918  0  1.69397
1.94641  2.7197  0  1.68809
1.94882  2.71027  0  1.68223
1.95124  2.70087  0  1.6764
1.95365  2.69152  0  1.6706
1.95606  2.68221  0  1.66482
1.95847  2.67294  0  1.65906
1.96088  2.66371  0  1.65333
1.96329  2.65452  0  1.64763
1.96571  2.64537  0  1.64195
1.96812  2.63626  0  1.6363
1.97053  2.62719  0  1.63067
1.97294  2.61816  0  1.62506
1.97535  2.60916  0  1.61948
1.97777  2.60021  0  1.61393
1.98018  2.5913  0  1.60839
1.98259  2.58243  0  1.60289
1.985  2.57359  0  1.5974
1.98741  2.56479  0  1.59194
1.98983  2.55604  0  1.58651
1.99224  2.54732  0  1.58109
1.99465  2.53863  0  1.5757
1.99706  2.52999  0  1.57034
1.99947  2.52138  0  1.565
2.00189  2.51282  0  1.55968
2.0043  2.50428  0  1.55438
2.00671  2.49579  0  1.54911
2.00912  2.48733  0  1.54386
2.01153  2.47891  0  1.53863
2.01394  2.47053  0  1.53343
2.01636  2.46218  0  1.52825
2.01877  2.45387  0  1.52309
2.02118  2.44559  0  1.51795
2.02359  2.43735  0  1.51284
2.026  2.42915  0  1.50775
2.02842  2.42098  0  1.50268
2.03083  2.41285  0  1.49763
2.03324  2.40475  0  1.4926
2.03565  2.39669  0  1.4876
2.03806  2.38866  0  1.48262
2.04048  2.38067  0  1.47766
2.04289  2.37271  0  1.47272
2.0453  2.36479  0  1.4678
2.04771  2.3569  0  1.4629
2.05012  2.34904  0  1.45803
2.05254  2.34122  0  1.45317
2.05495  2.33343  0  1.44834
2.05736  2.32568  0  1.44353
2.05977  2.31796  0  1.43873
2.06218  2.31027  0  1.43396
2.06459  2.30262  0  1.42921
2.06701  2.295  0  1.42448
2.06942  2.28741  0  1.41977
2.07183  2.27985  0  1.41508
2.07424  2.27233  0  1.41041
2.07665  2.26484  0  1.40576
2.07907  2.25738  0  1.40113
2.08148  2.24996  0  1.39652
2.08389  2.24256  0  1.39193
2.0863  2.2352  0  1.38737
2.08871  2.22787  0  1.38281
2.09113  2.22057  0  1.37828
2.09354  2.2133  0  1.37377
2.09595  2.20606  0  1.36928
2.09836  2.19886  0  1.36481
2.10077  2.19168  0  1.36036
2.10319  2.18454  0  1.35592
2.1056  2.17743  0  1.35151
2.10801  2.17034  0  1.34711
2.11042  2.16329  0  1.34273
2.11283  2.15627  0  1.33837
2.11525  2.14928  0  1.33403
2.11766  2.14231  0  1.32971
2.12007  2.13538  0  1.32541
2.12248  2.12848  0  1.32112
2.12489  2.1216  0  1.31686
2.1273  2.11476  0  1.31261
2.12972  2.10794  0  1.30838
2.13213  2.10116  0  1.30417
2.13454  2.0944  0  1.29997
2.13695  2.08767  0  1.2958
2.13936  2.08097  0  1.29164
2.14178  2.0743  0  1.2875
2.14419  2.06766  0  1.28337
2.1466  2.06104  0  1.27927
2.14901  2.05446  0  1.27518
2.15142  2.0479  0  1.27111
2.15384  2.04137  0  1.26706
2.15625  2.03486  0  1.26302
2.15866  2.02839  0  1.259
2.16107  2.02194  0  1.255
2.16348  2.01552  0  1.25101
2.1659  2.00913  0  1.24704
2.16831  2.00276  0  1.24309
2.17072  1.99642  0  1.23916
2.17313  1.99011  0  1.23524
2.17554  1.98382  0  1.23134
2.17795  1.97756  0  1.22745
2.18037  1.97133  0  1.22359
2.18278  1.96513  0  1.21973
2.18519  1.95895  0  1.2159
2.1876  1.95279  0  1.21208
2.19001  1.94666  0  1.20827
2.19243  1.94056  0  1.20449
2.19484  1.93448  0  1.20071
2.19725  1.92843  0  1.19696
2.19966  1.92241  0  1.19322
2.20207  1.91641  0  1.18949
2.20449  1.91043  0  1.18579
2.2069  1.90448  0  1.18209
2.20931  1.89856  0  1.17842
2.21172  1.89266  0  1.17475
2.21413  1.88678  0  1.17111
2.21655  1.88093  0  1.16748
2.21896  1.87511  0  1.16386
2.22137  1.86931  0  1.16026
2.22378  1.86353  0  1.15667
2.22619  1.85778  0  1.1531
2.2286  1.85205  0  1.14955
2.23102  1.84634  0  1.14601
2.23343  1.84066  0  1.14248
2.23584  1.83501  0  1.13897
2.23825  1.82937  0  1.13547
2.24066  1.82376  0  1.13199
2.24308  1.81818  0  1.12852
2.24549  1.81262  0  1.12507
2.2479  1.80708  0  1.12163
2.25031  1.80156  0  1.11821
2.25272  1.79607  0  1.1148
2.25514  1.79059  0  1.1114
2.25755  1.78515  0  1.10802
2.25996  1.77972  0  1.10466
2.26237  1.77432  0  1.1013
2.26478  1.76894  0  1.09796
2.2672  1.76358  0  1.09464
2.26961  1.75825  0  1.09133
2.27202  1.75293  0  1.08803
2.27443  1.74764  0  1.08474
2.27684  1.74237  0  1.08147
2.27925  1.73713  0  1.07822
2.28167  1.7319  0  1.07497
2.28408  1.7267  0  1.07174
2.28649  1.72152  0  1.06853
2.2889  1.71636  0  1.06532
2.29131  1.71122  0  1.06213
2.29373  1.7061  0  1.05896
2.29614  1.701  0  1.05579
2.29855  1.69593  0  1.05264
2.30096  1.69087  0  1.04951
2.30337  1.68584  0  1.04638
2.30579  1.68083  0  1.04327
2.3082  1.67583  0  1.04017
2.31061  1.67086  0  1.03709
2.31302  1.66591  0  1.03401
2.31543  1.66098  0  1.03095
2.31785  1.65607  0  1.02791
2.32026  1.65118  0  1.02487
2.32267  1.64631  0  1.02185
2.32508  1.64146  0  1.01884
2.32749  1.63663  0  1.01584
2.32991  1.63182  0  1.01286
2.33232  1.62703  0  1.00988
2.33473  1.62226  0  1.00692
2.33714  1.61751  0  1.00397
2.33955  1.61278  0  1.00104
2.34196  1.60807  0  0.998113
2.34438  1.60338  0  0.995201
2.34679  1.59871  0  0.992301
2.3492  1.59405  0  0.989412
2.35161  1.58942  0  0.986536
2.35402  1.5848  0  0.983671
2.35644  1.58021  0  0.980818
2.35885  1.57563  0  0.977977
2.36126  1.57107  0  0.975148
2.36367  1.56653  0  0.97233
2.36608  1.56201  0  0.969523
2.3685  1.55751  0  0.966729
2.37091  1.55302  0  0.963945
2.37332  1.54856  0  0.961173
2.37573  1.54411  0  0.958413
2.37814  1.53968  0  0.955663
2.38056  1.53527  0  0.952925
2.38297  1.53088  0  0.950199
2.38538  1.5265  0  0.947483
2.38779  1.52214  0  0.944778
2.3902  1.5178  0  0.942085
2.39261  1.51348  0  0.939403
2.39503  1.50918  0  0.936731
2.39744  1.50489  0  0.934071
2.39985  1.50062  0  0.931421
2.40226  1.49637  0  0.928782
2.40467  1.49214  0  0.926154
2.40709  1.48792  0  0.923537
2.4095  1.48372  0  0.92093
2.41191  1.47954  0  0.918334
