0  24471.2  0  15189.1
0.00241191  21654.4  0  13440.7
0.00482382  18837.5  0  11692.3
0.00723573  16390.9  0  10173.7
0.00964764  14266.7  0  8855.22
0.0120596  12422.4  0  7710.47
0.0144715  10821  0  6716.47
0.0168834  9430.27  0  5853.27
0.0192953  8222.43  0  5103.58
0.0217072  7173.32  0  4452.4
0.0241191  6261.97  0  3886.74
0.026531  5470.24  0  3395.32
0.0289429  4782.37  0  2968.37
0.0313548  4184.72  0  2597.41
0.0337667  3665.42  0  2275.09
0.0361787  3214.21  0  1995.02
0.0385906  2822.14  0  1751.68
0.0410025  2481.49  0  1540.23
0.0434144  2185.5  0  1356.52
0.0458263  1928.34  0  1196.9
0.0482382  1704.92  0  1058.22
0.0506501  1510.81  0  937.746
0.053062  1342.19  0  833.083
0.0554739  1195.7  0  742.16
0.0578858  1068.44  0  663.172
0.0602978  957.889  0  594.552
0.0627097  861.835  0  534.932
0.0651216  778.369  0  483.126
0.0675335  705.825  0  438.098
0.0699454  642.754  0  398.951
0.0723573  587.896  0  364.901
0.0747692  540.153  0  335.267
0.0771811  498.572  0  309.458
0.079593  462.323  0  286.959
0.0820049  430.685  0  267.322
0.0844169  403.032  0  250.158
0.0868288  378.819  0  235.129
0.0892407  357.574  0  221.943
0.0916526  338.887  0  210.344
0.0940645  322.401  0  200.111
0.0964764  307.81  0  191.054
0.0988883  294.844  0  183.007
0.1013  283.275  0  175.826
0.103712  272.902  0  169.387
0.106124  263.553  0  163.584
0.108536  255.079  0  158.325
0.110948  247.352  0  153.529
0.11336  240.262  0  149.128
0.115772  233.715  0  145.065
0.118184  227.63  0  141.288
0.120596  221.938  0  137.754
0.123007  216.578  0  134.428
0.125419  211.502  0  131.277
0.127831  206.667  0  128.276
0.130243  202.036  0  125.402
0.132655  197.579  0  122.635
0.135067  193.271  0  119.961
0.137479  189.089  0  117.366
0.139891  185.018  0  114.838
0.142303  181.041  0  112.37
0.144715  177.146  0  109.953
0.147127  173.325  0  107.581
0.149538  169.569  0  105.25
0.15195  165.872  0  102.955
0.154362  162.229  0  100.694
0.156774  158.636  0  98.4636
0.159186  155.09  0  96.263
0.161598  151.59  0  94.0905
0.16401  148.134  0  91.9454
0.166422  144.722  0  89.8272
0.168834  141.352  0  87.7355
0.171246  138.024  0  85.6703
0.173658  134.74  0  83.6318
0.176069  131.499  0  81.6201
0.178481  128.302  0  79.6356
0.180893  125.149  0  77.6788
0.183305  122.042  0  75.7499
0.185717  118.98  0  73.8496
0.188129  115.965  0  71.9781
0.190541  112.997  0  70.1361
0.192953  110.077  0  68.3239
0.195365  107.206  0  66.5419
0.197777  104.385  0  64.7905
0.200189  101.613  0  63.07
0.2026  98.8912  0  61.3808
0.205012  96.2203  0  59.723
0.207424  93.6005  0  58.0969
0.209836  91.0319  0  56.5026
0.212248  88.5148  0  54.9402
0.21466  86.0493  0  53.4099
0.217072  83.6354  0  51.9116
0.219484  81.273  0  50.4453
0.221896  78.962  0  49.0109
0.224308  76.7024  0  47.6084
0.22672  74.4938  0  46.2375
0.229131  72.336  0  44.8982
0.231543  70.2285  0  43.5901
0.233955  68.1712  0  42.3131
0.236367  66.1633  0  41.0669
0.238779  64.2046  0  39.8511
0.241191  62.2944  0  38.6655
0.243603  60.4323  0  37.5097
0.246015  58.6175  0  36.3833
0.248427  56.8494  0  35.2859
0.250839  55.1275  0  34.2171
0.253251  53.4509  0  33.1764
0.255662  51.8191  0  32.1636
0.258074  50.2312  0  31.178
0.260486  48.6866  0  30.2193
0.262898  47.1844  0  29.2869
0.26531  45.7239  0  28.3803
0.267722  44.3043  0  27.4992
0.270134  42.9248  0  26.643
0.272546  41.5846  0  25.8112
0.274958  40.283  0  25.0032
0.27737  39.019  0  24.2187
0.279782  37.792  0  23.4571
0.282193  36.6011  0  22.7179
0.284605  35.4454  0  22.0006
0.287017  34.3243  0  21.3047
0.289429  33.2368  0  20.6298
0.291841  32.1823  0  19.9752
0.294253  31.1599  0  19.3406
0.296665  30.1688  0  18.7255
0.299077  29.2083  0  18.1293
0.301489  28.2776  0  17.5516
0.303901  27.3759  0  16.992
0.306313  26.5026  0  16.4499
0.308724  25.6568  0  15.9249
0.311136  24.8379  0  15.4166
0.313548  24.0452  0  14.9246
0.31596  23.2778  0  14.4483
0.318372  22.5353  0  13.9874
0.320784  21.8168  0  13.5414
0.323196  21.1217  0  13.11
0.325608  20.4493  0  12.6927
0.32802  19.7991  0  12.2891
0.330432  19.1704  0  11.8989
0.332844  18.5625  0  11.5216
0.335255  17.9749  0  11.1569
0.337667  17.407  0  10.8044
0.340079  16.8583  0  10.4637
0.342491  16.328  0  10.1346
0.344903  15.8157  0  9.81667
0.347315  15.3209  0  9.50954
0.349727  14.843  0  9.21293
0.352139  14.3816  0  8.9265
0.354551  13.936  0  8.64994
0.356963  13.5059  0  8.38296
0.359375  13.0907  0  8.12526
0.361787  12.69  0  7.87654
0.364198  12.3033  0  7.63653
0.36661  11.9302  0  7.40495
0.369022  11.5703  0  7.18154
0.371434  11.223  0  6.96603
0.373846  10.8882  0  6.75817
0.376258  10.5652  0  6.55772
0.37867  10.2538  0  6.36443
0.381082  9.95357  0  6.17808
0.383494  9.66414  0  5.99843
0.385906  9.38516  0  5.82527
0.388318  9.11628  0  5.65838
0.390729  8.85717  0  5.49755
0.393141  8.6075  0  5.34259
0.395553  8.36695  0  5.19328
0.397965  8.13523  0  5.04945
0.400377  7.91202  0  4.91091
0.402789  7.69704  0  4.77747
0.405201  7.49001  0  4.64897
0.407613  7.29065  0  4.52523
0.410025  7.0987  0  4.40609
0.412437  6.9139  0  4.29139
0.414849  6.73601  0  4.18097
0.41726  6.56478  0  4.07469
0.419672  6.39998  0  3.9724
0.422084  6.24138  0  3.87396
0.424496  6.08876  0  3.77923
0.426908  5.9419  0  3.68808
0.42932  5.80061  0  3.60038
0.431732  5.66468  0  3.51601
0.434144  5.53392  0  3.43485
0.436556  5.40813  0  3.35677
0.438968  5.28715  0  3.28168
0.44138  5.17079  0  3.20945
0.443791  5.05888  0  3.13999
0.446203  4.95125  0  3.07319
0.448615  4.84776  0  3.00895
0.451027  4.74824  0  2.94718
0.453439  4.65255  0  2.88779
0.455851  4.56054  0  2.83068
0.458263  4.47207  0  2.77577
0.460675  4.38701  0  2.72297
0.463087  4.30523  0  2.67221
0.465499  4.2266  0  2.62341
0.467911  4.151  0  2.57648
0.470322  4.07831  0  2.53137
0.472734  4.00843  0  2.48799
0.475146  3.94123  0  2.44628
0.477558  3.87662  0  2.40618
0.47997  3.8145  0  2.36762
0.482382  3.75476  0  2.33054
0.484794  3.6973  0  2.29488
0.487206  3.64205  0  2.26058
0.489618  3.5889  0  2.22759
0.49203  3.53778  0  2.19586
0.494442  3.48859  0  2.16533
0.496853  3.44127  0  2.13596
0.499265  3.39574  0  2.1077
0.501677  3.35192  0  2.0805
0.504089  3.30973  0  2.05432
0.506501  3.26912  0  2.02911
0.508913  3.23001  0  2.00484
0.511325  3.19235  0  1.98146
0.513737  3.15607  0  1.95894
0.516149  3.1211  0  1.93724
0.518561  3.08741  0  1.91632
0.520973  3.05492  0  1.89616
0.523384  3.02359  0  1.87671
0.525796  2.99337  0  1.85795
0.528208  2.9642  0  1.83985
0.53062  2.93605  0  1.82237
0.533032  2.90886  0  1.8055
0.535444  2.88259  0  1.78919
0.537856  2.8572  0  1.77344
0.540268  2.83266  0  1.7582
0.54268  2.80892  0  1.74346
0.545092  2.78594  0  1.7292
0.547504  2.76369  0  1.71539
0.549915  2.74213  0  1.70201
0.552327  2.72124  0  1.68905
0.554739  2.70098  0  1.67647
0.557151  2.68132  0  1.66427
0.559563  2.66224  0  1.65242
0.561975  2.64369  0  1.64091
0.564387  2.62567  0  1.62972
0.566799  2.60813  0  1.61884
0.569211  2.59107  0  1.60825
0.571623  2.57444  0  1.59793
0.574035  2.55824  0  1.58787
0.576446  2.54244  0  1.57807
0.578858  2.52702  0  1.56849
0.58127  2.51195  0  1.55914
0.583682  2.49723  0  1.55001
0.586094  2.48283  0  1.54107
0.588506  2.46874  0  1.53232
0.590918  2.45493  0  1.52375
0.59333  2.4414  0  1.51535
0.595742  2.42812  0  1.50711
0.598154  2.41509  0  1.49902
0.600566  2.40229  0  1.49108
0.602978  2.38971  0  1.48327
0.605389  2.37733  0  1.47558
0.607801  2.36514  0  1.46802
0.610213  2.35313  0  1.46057
0.612625  2.3413  0  1.45322
0.615037  2.32962  0  1.44597
0.617449  2.3181  0  1.43882
0.619861  2.30671  0  1.43175
0.622273  2.29546  0  1.42477
0.624685  2.28433  0  1.41786
0.627097  2.27332  0  1.41102
0.629509  2.26241  0  1.40426
0.63192  2.25161  0  1.39755
0.634332  2.2409  0  1.3909
0.636744  2.23027  0  1.38431
0.639156  2.21973  0  1.37777
0.641568  2.20927  0  1.37127
0.64398  2.19887  0  1.36482
0.646392  2.18854  0  1.35841
0.648804  2.17828  0  1.35203
0.651216  2.16806  0  1.34569
0.653628  2.1579  0  1.33939
0.65604  2.14779  0  1.33311
0.658451  2.13772  0  1.32686
0.660863  2.12769  0  1.32063
0.663275  2.1177  0  1.31443
0.665687  2.10774  0  1.30825
0.668099  2.09781  0  1.30209
0.670511  2.08791  0  1.29594
0.672923  2.07803  0  1.28981
0.675335  2.06818  0  1.2837
0.677747  2.05835  0  1.2776
0.680159  2.04854  0  1.27151
0.682571  2.03875  0  1.26543
0.684982  2.02897  0  1.25936
0.687394  2.0192  0  1.2533
0.689806  2.00945  0  1.24725
0.692218  1.99971  0  1.2412
0.69463  1.98998  0  1.23516
0.697042  1.98026  0  1.22913
0.699454  1.97055  0  1.2231
0.701866  1.96084  0  1.21707
0.704278  1.95114  0  1.21105
0.70669  1.94145  0  1.20503
0.709102  1.93176  0  1.19902
0.711513  1.92207  0  1.19301
0.713925  1.91239  0  1.187
0.716337  1.90272  0  1.181
0.718749  1.89304  0  1.17499
0.721161  1.88337  0  1.16899
0.723573  1.87371  0  1.16299
0.725985  1.86405  0  1.15699
0.728397  1.85439  0  1.151
0.730809  1.84473  0  1.14501
0.733221  1.83508  0  1.13902
0.735633  1.82543  0  1.13303
0.738044  1.81579  0  1.12704
0.740456  1.80615  0  1.12106
0.742868  1.79651  0  1.11508
0.74528  1.78688  0  1.1091
0.747692  1.77726  0  1.10312
0.750104  1.76763  0  1.09715
0.752516  1.75802  0  1.09118
0.754928  1.74841  0  1.08522
0.75734  1.73881  0  1.07926
0.759752  1.72921  0  1.0733
0.762164  1.71962  0  1.06735
0.764575  1.71004  0  1.06141
0.766987  1.70047  0  1.05547
0.769399  1.69091  0  1.04953
0.771811  1.68136  0  1.0436
0.774223  1.67182  0  1.03768
0.776635  1.66228  0  1.03176
0.779047  1.65276  0  1.02585
0.781459  1.64325  0  1.01995
0.783871  1.63376  0  1.01406
0.786283  1.62428  0  1.00817
0.788695  1.61481  0  1.00229
0.791106  1.60535  0  0.996426
0.793518  1.59591  0  0.990567
0.79593  1.58649  0  0.984718
0.798342  1.57708  0  0.978879
0.800754  1.56769  0  0.973051
0.803166  1.55832  0  0.967233
0.805578  1.54896  0  0.961426
0.80799  1.53963  0  0.955631
0.810402  1.53031  0  0.949848
0.812814  1.52101  0  0.944078
0.815226  1.51174  0  0.93832
0.817637  1.50248  0  0.932575
0.820049  1.49325  0  0.926844
0.822461  1.48404  0  0.921126
0.824873  1.47485  0  0.915423
0.827285  1.46568  0  0.909734
0.829697  1.45654  0  0.90406
0.832109  1.44743  0  0.898402
0.834521  1.43833  0  0.892759
0.836933  1.42927  0  0.887132
0.839345  1.42023  0  0.881521
0.841757  1.41122  0  0.875927
0.844169  1.40223  0  0.87035
0.84658  1.39327  0  0.86479
0.848992  1.38434  0  0.859247
0.851404  1.37544  0  0.853722
0.853816  1.36657  0  0.848216
0.856228  1.35773  0  0.842728
0.85864  1.34892  0  0.837259
0.861052  1.34014  0  0.831808
0.863464  1.33139  0  0.826377
0.865876  1.32267  0  0.820965
0.868288  1.31398  0  0.815574
0.8707  1.30533  0  0.810202
0.873111  1.2967  0  0.804851
0.875523  1.28812  0  0.79952
0.877935  1.27956  0  0.79421
0.880347  1.27104  0  0.788921
0.882759  1.26255  0  0.783653
0.885171  1.2541  0  0.778406
0.887583  1.24568  0  0.773182
0.889995  1.2373  0  0.767979
0.892407  1.22895  0  0.762798
0.894819  1.22064  0  0.757639
0.897231  1.21237  0  0.752503
0.899642  1.20413  0  0.74739
0.902054  1.19593  0  0.742299
0.904466  1.18776  0  0.737231
0.906878  1.17963  0  0.732186
0.90929  1.17154  0  0.727165
0.911702  1.16349  0  0.722167
0.914114  1.15548  0  0.717192
0.916526  1.1475  0  0.712242
0.918938  1.13956  0  0.707315
0.92135  1.13166  0  0.702412
0.923762  1.1238  0  0.697533
0.926173  1.11598  0  0.692678
0.928585  1.1082  0  0.687847
0.930997  1.10046  0  0.683041
0.933409  1.09275  0  0.678259
0.935821  1.08509  0  0.673502
0.938233  1.07746  0  0.66877
0.940645  1.06988  0  0.664062
0.943057  1.06233  0  0.659379
0.945469  1.05483  0  0.654721
0.947881  1.04736  0  0.650088
0.950293  1.03994  0  0.64548
0.952704  1.03256  0  0.640897
0.955116  1.02521  0  0.636339
0.957528  1.01791  0  0.631806
0.95994  1.01065  0  0.627299
0.962352  1.00343  0  0.622817
0.964764  0.996246  0  0.61836
0.967176  0.989106  0  0.613928
0.969588  0.982007  0  0.609521
0.972  0.974948  0  0.60514
0.974412  0.967931  0  0.600785
0.976824  0.960954  0  0.596454
0.979235  0.954018  0  0.592149
0.981647  0.947123  0  0.587869
0.984059  0.940269  0  0.583615
0.986471  0.933456  0  0.579386
0.988883  0.926683  0  0.575183
0.991295  0.919952  0  0.571005
0.993707  0.913261  0  0.566852
0.996119  0.906611  0  0.562724
0.998531  0.900002  0  0.558622
1.00094  0.893434  0  0.554545
1.00335  0.886906  0  0.550493
1.00577  0.880419  0  0.546467
1.00818  0.873972  0  0.542466
1.01059  0.867566  0  0.538489
1.013  0.8612  0  0.534538
1.01541  0.854875  0  0.530612
1.01783  0.84859  0  0.526711
1.02024  0.842345  0  0.522835
1.02265  0.836141  0  0.518984
1.02506  0.829976  0  0.515158
1.02747  0.823852  0  0.511356
1.02989  0.817767  0  0.507579
1.0323  0.811722  0  0.503827
1.03471  0.805717  0  0.5001
1.03712  0.799751  0  0.496397
1.03953  0.793824  0  0.492719
1.04195  0.787937  0  0.489065
1.04436  0.78209  0  0.485435
1.04677  0.776281  0  0.48183
1.04918  0.770511  0  0.478248
1.05159  0.76478  0  0.474691
1.054  0.759088  0  0.471158
1.05642  0.753435  0  0.467649
1.05883  0.747819  0  0.464164
1.06124  0.742243  0  0.460702
1.06365  0.736704  0  0.457265
1.06606  0.731204  0  0.45385
1.06848  0.725741  0  0.45046
1.07089  0.720316  0  0.447093
1.0733  0.714929  0  0.443749
1.07571  0.709579  0  0.440428
1.07812  0.704266  0  0.437131
1.08054  0.698991  0  0.433856
1.08295  0.693752  0  0.430605
1.08536  0.688551  0  0.427376
1.08777  0.683386  0  0.42417
1.09018  0.678257  0  0.420987
1.0926  0.673165  0  0.417827
1.09501  0.668109  0  0.414688
1.09742  0.663089  0  0.411573
1.09983  0.658105  0  0.408479
1.10224  0.653157  0  0.405408
1.10465  0.648244  0  0.402358
1.10707  0.643366  0  0.399331
1.10948  0.638524  0  0.396325
1.11189  0.633716  0  0.393341
1.1143  0.628944  0  0.390379
1.11671  0.624205  0  0.387438
1.11913  0.619502  0  0.384518
1.12154  0.614832  0  0.38162
1.12395  0.610197  0  0.378743
1.12636  0.605596  0  0.375887
1.12877  0.601028  0  0.373052
1.13119  0.596494  0  0.370238
1.1336  0.591993  0  0.367444
1.13601  0.587526  0  0.364671
1.13842  0.583091  0  0.361919
1.14083  0.578689  0  0.359186
1.14325  0.57432  0  0.356474
1.14566  0.569983  0  0.353783
1.14807  0.565679  0  0.351111
1.15048  0.561406  0  0.348459
1.15289  0.557166  0  0.345827
1.1553  0.552957  0  0.343215
1.15772  0.548779  0  0.340622
1.16013  0.544633  0  0.338048
1.16254  0.540518  0  0.335494
1.16495  0.536434  0  0.332959
1.16736  0.532381  0  0.330443
1.16978  0.528358  0  0.327947
1.17219  0.524366  0  0.325469
1.1746  0.520404  0  0.323009
1.17701  0.516472  0  0.320569
1.17942  0.51257  0  0.318147
1.18184  0.508697  0  0.315743
1.18425  0.504854  0  0.313357
1.18666  0.50104  0  0.31099
1.18907  0.497255  0  0.308641
1.19148  0.493499  0  0.306309
1.1939  0.489771  0  0.303996
1.19631  0.486072  0  0.3017
1.19872  0.482402  0  0.299422
1.20113  0.478759  0  0.297161
1.20354  0.475145  0  0.294918
1.20596  0.471558  0  0.292691
1.20837  0.467999  0  0.290482
1.21078  0.464467  0  0.28829
1.21319  0.460963  0  0.286115
1.2156  0.457485  0  0.283956
1.21801  0.454035  0  0.281815
1.22043  0.450611  0  0.279689
1.22284  0.447213  0  0.277581
1.22525  0.443842  0  0.275488
1.22766  0.440497  0  0.273412
1.23007  0.437178  0  0.271352
1.23249  0.433884  0  0.269307
1.2349  0.430616  0  0.267279
1.23731  0.427374  0  0.265267
1.23972  0.424157  0  0.26327
1.24213  0.420964  0  0.261288
1.24455  0.417797  0  0.259322
1.24696  0.414655  0  0.257372
1.24937  0.411536  0  0.255436
1.25178  0.408443  0  0.253516
1.25419  0.405373  0  0.251611
1.25661  0.402328  0  0.249721
1.25902  0.399306  0  0.247845
1.26143  0.396308  0  0.245984
1.26384  0.393333  0  0.244138
1.26625  0.390382  0  0.242306
1.26866  0.387454  0  0.240488
1.27108  0.384548  0  0.238685
1.27349  0.381666  0  0.236896
1.2759  0.378806  0  0.235121
1.27831  0.375969  0  0.23336
1.28072  0.373154  0  0.231613
1.28314  0.370361  0  0.229879
1.28555  0.36759  0  0.228159
1.28796  0.364841  0  0.226453
1.29037  0.362114  0  0.22476
1.29278  0.359408  0  0.223081
1.2952  0.356723  0  0.221414
1.29761  0.35406  0  0.219761
1.30002  0.351417  0  0.218121
1.30243  0.348796  0  0.216494
1.30484  0.346195  0  0.21488
1.30726  0.343615  0  0.213278
1.30967  0.341055  0  0.211689
1.31208  0.338515  0  0.210113
1.31449  0.335996  0  0.208549
1.3169  0.333496  0  0.206997
1.31931  0.331016  0  0.205458
1.32173  0.328556  0  0.203931
1.32414  0.326115  0  0.202416
1.32655  0.323693  0  0.200913
1.32896  0.321291  0  0.199422
1.33137  0.318908  0  0.197943
1.33379  0.316543  0  0.196475
1.3362  0.314198  0  0.195019
1.33861  0.31187  0  0.193575
1.34102  0.309562  0  0.192142
1.34343  0.307271  0  0.19072
1.34585  0.304999  0  0.18931
1.34826  0.302745  0  0.187911
1.35067  0.300509  0  0.186523
1.35308  0.29829  0  0.185146
1.35549  0.296089  0  0.183779
1.35791  0.293906  0  0.182424
1.36032  0.291739  0  0.18108
1.36273  0.28959  0  0.179746
1.36514  0.287458  0  0.178422
1.36755  0.285343  0  0.17711
1.36996  0.283245  0  0.175807
1.37238  0.281164  0  0.174515
1.37479  0.279098  0  0.173234
1.3772  0.27705  0  0.171962
1.37961  0.275017  0  0.1707
1.38202  0.273001  0  0.169449
1.38444  0.271001  0  0.168207
1.38685  0.269016  0  0.166976
1.38926  0.267048  0  0.165754
1.39167  0.265095  0  0.164542
1.39408  0.263157  0  0.163339
1.3965  0.261235  0  0.162146
1.39891  0.259328  0  0.160962
1.40132  0.257436  0  0.159788
1.40373  0.25556  0  0.158623
1.40614  0.253698  0  0.157467
1.40856  0.251851  0  0.156321
1.41097  0.250018  0  0.155184
1.41338  0.2482  0  0.154055
1.41579  0.246397  0  0.152936
1.4182  0.244607  0  0.151825
1.42061  0.242832  0  0.150724
1.42303  0.241072  0  0.149631
1.42544  0.239325  0  0.148546
1.42785  0.237591  0  0.147471
1.43026  0.235872  0  0.146403
1.43267  0.234166  0  0.145345
1.43509  0.232474  0  0.144294
1.4375  0.230795  0  0.143252
1.43991  0.22913  0  0.142218
1.44232  0.227477  0  0.141193
1.44473  0.225838  0  0.140175
1.44715  0.224212  0  0.139166
1.44956  0.222598  0  0.138164
1.45197  0.220997  0  0.137171
1.45438  0.219409  0  0.136185
1.45679  0.217834  0  0.135207
1.45921  0.216271  0  0.134237
1.46162  0.21472  0  0.133275
1.46403  0.213182  0  0.13232
1.46644  0.211656  0  0.131372
1.46885  0.210141  0  0.130433
1.47127  0.208639  0  0.1295
1.47368  0.207149  0  0.128575
1.47609  0.20567  0  0.127657
1.4785  0.204203  0  0.126747
1.48091  0.202748  0  0.125843
1.48332  0.201304  0  0.124947
1.48574  0.199871  0  0.124058
1.48815  0.19845  0  0.123176
1.49056  0.19704  0  0.122301
1.49297  0.195641  0  0.121432
1.49538  0.194253  0  0.120571
1.4978  0.192876  0  0.119716
1.50021  0.19151  0  0.118868
1.50262  0.190155  0  0.118027
1.50503  0.18881  0  0.117192
1.50744  0.187476  0  0.116364
1.50986  0.186152  0  0.115542
1.51227  0.184838  0  0.114727
1.51468  0.183535  0  0.113919
1.51709  0.182243  0  0.113116
1.5195  0.18096  0  0.11232
1.52192  0.179687  0  0.11153
1.52433  0.178425  0  0.110746
1.52674  0.177172  0  0.109969
1.52915  0.175929  0  0.109197
1.53156  0.174696  0  0.108432
1.53397  0.173472  0  0.107672
1.53639  0.172258  0  0.106919
1.5388  0.171054  0  0.106171
1.54121  0.169859  0  0.10543
1.54362  0.168673  0  0.104694
1.54603  0.167497  0  0.103963
1.54845  0.166329  0  0.103239
1.55086  0.165171  0  0.10252
1.55327  0.164022  0  0.101807
1.55568  0.162882  0  0.101099
1.55809  0.161751  0  0.100397
1.56051  0.160628  0  0.0997002
1.56292  0.159514  0  0.0990089
1.56533  0.158409  0  0.098323
1.56774  0.157313  0  0.0976424
1.57015  0.156225  0  0.0969671
1.57257  0.155145  0  0.096297
1.57498  0.154074  0  0.0956322
1.57739  0.153011  0  0.0949725
1.5798  0.151957  0  0.094318
1.58221  0.15091  0  0.0936685
1.58462  0.149872  0  0.093024
1.58704  0.148842  0  0.0923846
1.58945  0.14782  0  0.0917501
1.59186  0.146805  0  0.0911205
1.59427  0.145799  0  0.0904957
1.59668  0.1448  0  0.0898758
1.5991  0.143809  0  0.0892607
1.60151  0.142826  0  0.0886504
1.60392  0.14185  0  0.0880447
1.60633  0.140882  0  0.0874438
1.60874  0.139921  0  0.0868474
1.61116  0.138967  0  0.0862557
1.61357  0.138021  0  0.0856685
1.61598  0.137083  0  0.0850858
1.61839  0.136151  0  0.0845076
1.6208  0.135227  0  0.0839339
1.62322  0.13431  0  0.0833646
1.62563  0.133399  0  0.0827996
1.62804  0.132496  0  0.082239
1.63045  0.1316  0  0.0816827
1.63286  0.130711  0  0.0811307
1.63527  0.129828  0  0.0805828
1.63769  0.128952  0  0.0800392
1.6401  0.128083  0  0.0794998
1.64251  0.12722  0  0.0789644
1.64492  0.126365  0  0.0784332
1.64733  0.125515  0  0.077906
1.64975  0.124672  0  0.0773829
1.65216  0.123836  0  0.0768637
1.65457  0.123006  0  0.0763485
1.65698  0.122182  0  0.0758372
1.65939  0.121365  0  0.0753298
1.66181  0.120554  0  0.0748263
1.66422  0.119748  0  0.0743267
1.66663  0.11895  0  0.0738308
1.66904  0.118157  0  0.0733387
1.67145  0.11737  0  0.0728503
1.67387  0.116589  0  0.0723656
1.67628  0.115814  0  0.0718846
1.67869  0.115045  0  0.0714073
1.6811  0.114282  0  0.0709336
1.68351  0.113524  0  0.0704634
1.68593  0.112773  0  0.0699968
1.68834  0.112027  0  0.0695338
1.69075  0.111286  0  0.0690742
1.69316  0.110551  0  0.0686181
1.69557  0.109822  0  0.0681655
1.69798  0.109098  0  0.0677163
1.7004  0.10838  0  0.0672704
1.70281  0.107667  0  0.0668279
1.70522  0.10696  0  0.0663888
1.70763  0.106258  0  0.0659529
1.71004  0.105561  0  0.0655204
1.71246  0.104869  0  0.0650911
1.71487  0.104182  0  0.064665
1.71728  0.103501  0  0.0642421
1.71969  0.102825  0  0.0638223
1.7221  0.102154  0  0.0634057
1.72452  0.101488  0  0.0629923
1.72693  0.100826  0  0.0625819
1.72934  0.10017  0  0.0621746
1.73175  0.0995189  0  0.0617704
1.73416  0.0988725  0  0.0613691
1.73658  0.0982308  0  0.0609709
1.73899  0.097594  0  0.0605756
1.7414  0.0969619  0  0.0601833
1.74381  0.0963346  0  0.0597939
1.74622  0.0957118  0  0.0594074
1.74863  0.0950938  0  0.0590237
1.75105  0.0944803  0  0.0586429
1.75346  0.0938714  0  0.058265
1.75587  0.093267  0  0.0578898
1.75828  0.092667  0  0.0575175
1.76069  0.0920715  0  0.0571479
1.76311  0.0914805  0  0.056781
1.76552  0.0908938  0  0.0564168
1.76793  0.0903114  0  0.0560554
1.77034  0.0897334  0  0.0556966
1.77275  0.0891596  0  0.0553404
1.77517  0.08859  0  0.0549869
1.77758  0.0880247  0  0.054636
1.77999  0.0874635  0  0.0542877
1.7824  0.0869065  0  0.0539419
1.78481  0.0863535  0  0.0535987
1.78723  0.0858046  0  0.053258
1.78964  0.0852598  0  0.0529199
1.79205  0.0847189  0  0.0525842
1.79446  0.084182  0  0.0522509
1.79687  0.0836491  0  0.0519201
1.79928  0.08312  0  0.0515917
1.8017  0.0825949  0  0.0512658
1.80411  0.0820735  0  0.0509422
1.80652  0.081556  0  0.050621
1.80893  0.0810423  0  0.0503021
1.81134  0.0805323  0  0.0499856
1.81376  0.080026  0  0.0496713
1.81617  0.0795235  0  0.0493594
1.81858  0.0790245  0  0.0490497
1.82099  0.0785292  0  0.0487423
1.8234  0.0780376  0  0.0484371
1.82582  0.0775494  0  0.0481341
1.82823  0.0770649  0  0.0478334
1.83064  0.0765838  0  0.0475348
1.83305  0.0761063  0  0.0472384
1.83546  0.0756322  0  0.0469441
1.83788  0.0751615  0  0.046652
1.84029  0.0746942  0  0.0463619
1.8427  0.0742303  0  0.046074
1.84511  0.0737698  0  0.0457881
1.84752  0.0733126  0  0.0455043
1.84993  0.0728586  0  0.0452226
1.85235  0.072408  0  0.0449429
1.85476  0.0719606  0  0.0446652
1.85717  0.0715164  0  0.0443895
1.85958  0.0710754  0  0.0441158
1.86199  0.0706376  0  0.043844
1.86441  0.0702029  0  0.0435742
1.86682  0.0697713  0  0.0433063
1.86923  0.0693429  0  0.0430404
1.87164  0.0689175  0  0.0427764
1.87405  0.0684951  0  0.0425142
1.87647  0.0680758  0  0.0422539
1.87888  0.0676594  0  0.0419955
1.88129  0.067246  0  0.0417389
1.8837  0.0668356  0  0.0414842
1.88611  0.0664281  0  0.0412313
1.88853  0.0660235  0  0.0409801
1.89094  0.0656218  0  0.0407308
1.89335  0.065223  0  0.0404832
1.89576  0.0648269  0  0.0402374
1.89817  0.0644337  0  0.0399933
1.90059  0.0640433  0  0.039751
1.903  0.0636556  0  0.0395104
1.90541  0.0632707  0  0.0392715
1.90782  0.0628885  0  0.0390343
1.91023  0.0625091  0  0.0387987
1.91264  0.0621323  0  0.0385649
1.91506  0.0617581  0  0.0383326
1.91747  0.0613866  0  0.038102
1.91988  0.0610177  0  0.0378731
1.92229  0.0606514  0  0.0376457
1.9247  0.0602877  0  0.03742
1.92712  0.0599266  0  0.0371958
1.92953  0.059568  0  0.0369732
1.93194  0.0592119  0  0.0367522
1.93435  0.0588583  0  0.0365327
1.93676  0.0585072  0  0.0363148
1.93918  0.0581585  0  0.0360984
1.94159  0.0578123  0  0.0358835
1.944  0.0574685  0  0.0356701
1.94641  0.0571271  0  0.0354582
1.94882  0.0567881  0  0.0352478
1.95124  0.0564514  0  0.0350388
1.95365  0.0561171  0  0.0348313
1.95606  0.0557851  0  0.0346253
1.95847  0.0554555  0  0.0344206
1.96088  0.0551281  0  0.0342174
1.96329  0.054803  0  0.0340157
1.96571  0.0544802  0  0.0338153
1.96812  0.0541596  0  0.0336163
1.97053  0.0538412  0  0.0334187
1.97294  0.053525  0  0.0332224
1.97535  0.053211  0  0.0330275
1.97777  0.0528992  0  0.032834
1.98018  0.0525895  0  0.0326418
1.98259  0.052282  0  0.0324509
1.985  0.0519766  0  0.0322613
1.98741  0.0516733  0  0.0320731
1.98983  0.0513721  0  0.0318861
1.99224  0.0510729  0  0.0317004
1.99465  0.0507758  0  0.031516
1.99706  0.0504808  0  0.0313329
1.99947  0.0501878  0  0.031151
2.00189  0.0498968  0  0.0309704
2.0043  0.0496077  0  0.030791
2.00671  0.0493207  0  0.0306128
2.00912  0.0490356  0  0.0304359
2.01153  0.0487525  0  0.0302602
2.01394  0.0484713  0  0.0300856
2.01636  0.048192  0  0.0299123
2.01877  0.0479146  0  0.0297401
2.02118  0.0476391  0  0.0295691
2.02359  0.0473655  0  0.0293993
2.026  0.0470938  0  0.0292306
2.02842  0.0468239  0  0.0290631
2.03083  0.0465558  0  0.0288967
2.03324  0.0462895  0  0.0287314
2.03565  0.0460251  0  0.0285673
2.03806  0.0457624  0  0.0284043
2.04048  0.0455015  0  0.0282423
2.04289  0.0452424  0  0.0280815
2.0453  0.044985  0  0.0279218
2.04771  0.0447294  0  0.0277631
2.05012  0.0444755  0  0.0276055
2.05254  0.0442233  0  0.0274489
2.05495  0.0439728  0  0.0272935
2.05736  0.043724  0  0.027139
2.05977  0.0434768  0  0.0269856
2.06218  0.0432314  0  0.0268333
2.06459  0.0429875  0  0.0266819
2.06701  0.0427453  0  0.0265316
2.06942  0.0425047  0  0.0263822
2.07183  0.0422657  0  0.0262339
2.07424  0.0420284  0  0.0260866
2.07665  0.0417926  0  0.0259402
2.07907  0.0415584  0  0.0257948
2.08148  0.0413257  0  0.0256504
2.08389  0.0410946  0  0.025507
2.0863  0.040865  0  0.0253645
2.08871  0.040637  0  0.025223
2.09113  0.0404105  0  0.0250824
2.09354  0.0401855  0  0.0249427
2.09595  0.0399619  0  0.024804
2.09836  0.0397399  0  0.0246661
2.10077  0.0395193  0  0.0245292
2.10319  0.0393002  0  0.0243932
2.1056  0.0390825  0  0.0242581
2.10801  0.0388663  0  0.0241239
2.11042  0.0386515  0  0.0239906
2.11283  0.0384381  0  0.0238582
2.11525  0.0382262  0  0.0237266
2.11766  0.0380156  0  0.0235959
2.12007  0.0378064  0  0.023466
2.12248  0.0375986  0  0.0233371
2.12489  0.0373921  0  0.0232089
2.1273  0.037187  0  0.0230816
2.12972  0.0369833  0  0.0229551
2.13213  0.0367809  0  0.0228295
2.13454  0.0365798  0  0.0227047
2.13695  0.03638  0  0.0225807
2.13936  0.0361815  0  0.0224575
2.14178  0.0359843  0  0.0223351
2.14419  0.0357885  0  0.0222135
2.1466  0.0355938  0  0.0220927
2.14901  0.0354005  0  0.0219727
2.15142  0.0352084  0  0.0218535
2.15384  0.0350176  0  0.0217351
2.15625  0.034828  0  0.0216174
2.15866  0.0346396  0  0.0215005
2.16107  0.0344525  0  0.0213843
2.16348  0.0342665  0  0.0212689
2.1659  0.0340818  0  0.0211542
2.16831  0.0338983  0  0.0210403
2.17072  0.0337159  0  0.0209271
2.17313  0.0335348  0  0.0208147
2.17554  0.0333548  0  0.020703
2.17795  0.0331759  0  0.020592
2.18037  0.0329982  0  0.0204817
2.18278  0.0328217  0  0.0203721
2.18519  0.0326463  0  0.0202632
2.1876  0.032472  0  0.020155
2.19001  0.0322988  0  0.0200476
2.19243  0.0321268  0  0.0199408
2.19484  0.0319559  0  0.0198347
2.19725  0.031786  0  0.0197292
2.19966  0.0316172  0  0.0196245
2.20207  0.0314495  0  0.0195204
2.20449  0.0312829  0  0.019417
2.2069  0.0311174  0  0.0193142
2.20931  0.0309529  0  0.0192121
2.21172  0.0307894  0  0.0191107
2.21413  0.030627  0  0.0190099
2.21655  0.0304657  0  0.0189097
2.21896  0.0303053  0  0.0188102
2.22137  0.030146  0  0.0187113
2.22378  0.0299877  0  0.018613
2.22619  0.0298303  0  0.0185154
2.2286  0.029674  0  0.0184184
2.23102  0.0295187  0  0.018322
2.23343  0.0293644  0  0.0182262
2.23584  0.029211  0  0.018131
2.23825  0.0290586  0  0.0180364
2.24066  0.0289071  0  0.0179424
2.24308  0.0287567  0  0.017849
2.24549  0.0286071  0  0.0177561
2.2479  0.0284585  0  0.0176639
2.25031  0.0283109  0  0.0175723
2.25272  0.0281641  0  0.0174812
2.25514  0.0280183  0  0.0173907
2.25755  0.0278734  0  0.0173007
2.25996  0.0277294  0  0.0172114
2.26237  0.0275863  0  0.0171226
2.26478  0.0274442  0  0.0170343
2.2672  0.0273028  0  0.0169466
2.26961  0.0271624  0  0.0168594
2.27202  0.0270229  0  0.0167728
2.27443  0.0268842  0  0.0166867
2.27684  0.0267464  0  0.0166012
2.27925  0.0266094  0  0.0165162
2.28167  0.0264733  0  0.0164317
2.28408  0.0263381  0  0.0163478
2.28649  0.0262037  0  0.0162644
2.2889  0.0260701  0  0.0161814
2.29131  0.0259374  0  0.016099
2.29373  0.0258054  0  0.0160172
2.29614  0.0256743  0  0.0159358
2.29855  0.025544  0  0.0158549
2.30096  0.0254145  0  0.0157745
2.30337  0.0252858  0  0.0156946
2.30579  0.0251579  0  0.0156153
2.3082  0.0250308  0  0.0155364
2.31061  0.0249045  0  0.015458
2.31302  0.0247789  0  0.01538
2.31543  0.0246542  0  0.0153026
2.31785  0.0245301  0  0.0152256
2.32026  0.0244069  0  0.0151491
2.32267  0.0242844  0  0.0150731
2.32508  0.0241627  0  0.0149975
2.32749  0.0240417  0  0.0149224
2.32991  0.0239214  0  0.0148478
2.33232  0.0238019  0  0.0147736
2.33473  0.0236831  0  0.0146999
2.33714  0.023565  0  0.0146266
2.33955  0.0234477  0  0.0145537
2.34196  0.0233311  0  0.0144814
2.34438  0.0232152  0  0.0144094
2.34679  0.0230999  0  0.0143379
2.3492  0.0229854  0  0.0142668
2.35161  0.0228716  0  0.0141962
2.35402  0.0227585  0  0.014126
2.35644  0.0226461  0  0.0140562
2.35885  0.0225343  0  0.0139868
2.36126  0.0224232  0  0.0139179
2.36367  0.0223128  0  0.0138493
2.36608  0.0222031  0  0.0137812
2.3685  0.022094  0  0.0137135
2.37091  0.0219856  0  0.0136462
2.37332  0.0218779  0  0.0135794
2.37573  0.0217708  0  0.0135129
2.37814  0.0216643  0  0.0134468
2.38056  0.0215585  0  0.0133811
2.38297  0.0214533  0  0.0133158
2.38538  0.0213487  0  0.0132509
2.38779  0.0212448  0  0.0131864
2.3902  0.0211415  0  0.0131223
2.39261  0.0210388  0  0.0130586
2.39503  0.0209368  0  0.0129952
2.39744  0.0208353  0  0.0129323
2.39985  0.0207345  0  0.0128697
2.40226  0.0206342  0  0.0128075
2.40467  0.0205346  0  0.0127456
2.40709  0.0204356  0  0.0126841
2.4095  0.0203371  0  0.012623
2.41191  0.0202392  0  0.0125623
