0 0  29
0.00241191 28.5808  28.5031
0.00482382 28.1651  28.1327
0.00723573 27.7559  27.8012
0.00964764 27.3551  27.4938
0.0120596 26.9642  27.2036
0.0144715 26.5841  26.9271
0.0168834 26.2152  26.6618
0.0192953 25.8579  26.4061
0.0217072 25.5121  26.1586
0.0241191 25.1776  25.9185
0.026531 24.854  25.6849
0.0289429 24.5409  25.4574
0.0313548 24.2379  25.2353
0.0337667 23.9443  25.0183
0.0361787 23.6598  24.806
0.0385906 23.3837  24.5981
0.0410025 23.1156  24.3943
0.0434144 22.8548  24.1944
0.0458263 22.6009  23.9982
0.0482382 22.3534  23.8054
0.0506501 22.112  23.616
0.053062 21.8761  23.4298
0.0554739 21.6454  23.2465
0.0578858 21.4195  23.0662
0.0602978 21.1981  22.8886
0.0627097 20.981  22.7137
0.0651216 20.7677  22.5413
0.0675335 20.5582  22.3715
0.0699454 20.3522  22.204
0.0723573 20.1495  22.0389
0.0747692 19.9499  21.8759
0.0771811 19.7533  21.7152
0.079593 19.5594  21.5565
0.0820049 19.3683  21.3999
0.0844169 19.1798  21.2453
0.0868288 18.9938  21.0926
0.0892407 18.8102  20.9418
0.0916526 18.6289  20.7928
0.0940645 18.45  20.6455
0.0964764 18.2732  20.5
0.0988883 18.0987  20.3562
0.1013 17.9262  20.2141
0.103712 17.7559  20.0736
0.106124 17.5877  19.9346
0.108536 17.4215  19.7972
0.110948 17.2574  19.6612
0.11336 17.0952  19.5268
0.115772 16.9351  19.3938
0.118184 16.7769  19.2622
0.120596 16.6207  19.132
0.123007 16.4665  19.0031
0.125419 16.3142  18.8756
0.127831 16.1638  18.7494
0.130243 16.0154  18.6244
0.132655 15.8689  18.5007
0.135067 15.7243  18.3783
0.137479 15.5816  18.257
0.139891 15.4408  18.137
0.142303 15.3019  18.0181
0.144715 15.1649  17.9003
0.147127 15.0298  17.7837
0.149538 14.8965  17.6682
0.15195 14.765  17.5537
0.154362 14.6354  17.4404
0.156774 14.5076  17.3281
0.159186 14.3816  17.2168
0.161598 14.2574  17.1066
0.16401 14.135  16.9973
0.166422 14.0144  16.8891
0.168834 13.8955  16.7818
0.171246 13.7784  16.6755
0.173658 13.663  16.5701
0.176069 13.5492  16.4657
0.178481 13.4372  16.3622
0.180893 13.3268  16.2596
0.183305 13.2181  16.1578
0.185717 13.111  16.057
0.188129 13.0055  15.957
0.190541 12.9016  15.8579
0.192953 12.7993  15.7596
0.195365 12.6985  15.6621
0.197777 12.5993  15.5655
0.200189 12.5015  15.4697
0.2026 12.4052  15.3747
0.205012 12.3104  15.2804
0.207424 12.217  15.187
0.209836 12.125  15.0943
0.212248 12.0345  15.0024
0.21466 11.9452  14.9112
0.217072 11.8574  14.8207
0.219484 11.7708  14.731
0.221896 11.6856  14.642
0.224308 11.6016  14.5537
0.22672 11.5189  14.4662
0.229131 11.4374  14.3793
0.231543 11.3571  14.2931
0.233955 11.2779  14.2076
0.236367 11.2  14.1227
0.238779 11.1232  14.0385
0.241191 11.0475  13.955
0.243603 10.9729  13.8721
0.246015 10.8993  13.7899
0.248427 10.8269  13.7082
0.250839 10.7554  13.6273
0.253251 10.6849  13.5469
0.255662 10.6155  13.4671
0.258074 10.547  13.388
0.260486 10.4794  13.3094
0.262898 10.4128  13.2315
0.26531 10.347  13.1541
0.267722 10.2822  13.0773
0.270134 10.2182  13.001
0.272546 10.155  12.9254
0.274958 10.0927  12.8503
0.27737 10.0312  12.7757
0.279782 9.97045  12.7017
0.282193 9.91049  12.6283
0.284605 9.85128  12.5553
0.287017 9.7928  12.483
0.289429 9.73504  12.4111
0.291841 9.67798  12.3398
0.294253 9.6216  12.2689
0.296665 9.56589  12.1986
0.299077 9.51083  12.1288
0.301489 9.4564  12.0595
0.303901 9.4026  11.9907
0.306313 9.3494  11.9223
0.308724 9.29679  11.8545
0.311136 9.24476  11.7871
0.313548 9.19329  11.7202
0.31596 9.14237  11.6538
0.318372 9.09199  11.5879
0.320784 9.04213  11.5224
0.323196 8.99277  11.4574
0.325608 8.94392  11.3928
0.32802 8.89555  11.3287
0.330432 8.84765  11.265
0.332844 8.80021  11.2017
0.335255 8.75322  11.1389
0.337667 8.70668  11.0765
0.340079 8.66056  11.0146
0.342491 8.61486  10.9531
0.344903 8.56956  10.892
0.347315 8.52467  10.8313
0.349727 8.48016  10.771
0.352139 8.43603  10.7112
0.354551 8.39227  10.6517
0.356963 8.34887  10.5926
0.359375 8.30582  10.534
0.361787 8.26312  10.4757
0.364198 8.22075  10.4178
0.36661 8.17871  10.3604
0.369022 8.13699  10.3033
0.371434 8.09558  10.2465
0.373846 8.05448  10.1902
0.376258 8.01367  10.1342
0.37867 7.97315  10.0786
0.381082 7.93292  10.0234
0.383494 7.89297  9.96852
0.385906 7.85329  9.91402
0.388318 7.81387  9.85987
0.390729 7.77472  9.80607
0.393141 7.73581  9.75263
0.395553 7.69716  9.69954
0.397965 7.65875  9.64679
0.400377 7.62058  9.59439
0.402789 7.58264  9.54233
0.405201 7.54492  9.4906
0.407613 7.50744  9.43921
0.410025 7.47017  9.38815
0.412437 7.43311  9.33742
0.414849 7.39627  9.28701
0.41726 7.35963  9.23693
0.419672 7.32319  9.18717
0.422084 7.28695  9.13773
0.424496 7.25091  9.08861
0.426908 7.21506  9.03979
0.42932 7.1794  8.99129
0.431732 7.14392  8.9431
0.434144 7.10862  8.89521
0.436556 7.0735  8.84762
0.438968 7.03855  8.80033
0.44138 7.00378  8.75335
0.443791 6.96918  8.70666
0.446203 6.93474  8.66026
0.448615 6.90047  8.61415
0.451027 6.86636  8.56833
0.453439 6.83241  8.5228
0.455851 6.79861  8.47756
0.458263 6.76497  8.43259
0.460675 6.73149  8.38791
0.463087 6.69815  8.3435
0.465499 6.66496  8.29937
0.467911 6.63192  8.25551
0.470322 6.59903  8.21192
0.472734 6.56628  8.16861
0.475146 6.53366  8.12556
0.477558 6.50119  8.08277
0.47997 6.46886  8.04025
0.482382 6.43666  7.99799
0.484794 6.4046  7.95599
0.487206 6.37268  7.91424
0.489618 6.34088  7.87275
0.49203 6.30922  7.83151
0.494442 6.27769  7.79053
0.496853 6.24628  7.74979
0.499265 6.215  7.7093
0.501677 6.18385  7.66906
0.504089 6.15283  7.62906
0.506501 6.12193  7.58931
0.508913 6.09115  7.54979
0.511325 6.0605  7.51051
0.513737 6.02997  7.47147
0.516149 5.99956  7.43266
0.518561 5.96927  7.39409
0.520973 5.93909  7.35575
0.523384 5.90904  7.31763
0.525796 5.8791  7.27975
0.528208 5.84929  7.24209
0.53062 5.81958  7.20466
0.533032 5.79  7.16745
0.535444 5.76053  7.13046
0.537856 5.73117  7.09369
0.540268 5.70193  7.05714
0.54268 5.6728  7.02081
0.545092 5.64379  6.98469
0.547504 5.61488  6.94879
0.549915 5.58609  6.9131
0.552327 5.55741  6.87762
0.554739 5.52884  6.84234
0.557151 5.50039  6.80728
0.559563 5.47204  6.77242
0.561975 5.4438  6.73777
0.564387 5.41568  6.70332
0.566799 5.38766  6.66907
0.569211 5.35975  6.63502
0.571623 5.33195  6.60117
0.574035 5.30426  6.56752
0.576446 5.27668  6.53406
0.578858 5.2492  6.5008
0.58127 5.22184  6.46773
0.583682 5.19458  6.43486
0.586094 5.16743  6.40218
0.588506 5.14038  6.36968
0.590918 5.11344  6.33737
0.59333 5.08661  6.30525
0.595742 5.05988  6.27332
0.598154 5.03326  6.24157
0.600566 5.00675  6.21
0.602978 4.98034  6.17862
0.605389 4.95404  6.14742
0.607801 4.92784  6.11639
0.610213 4.90175  6.08554
0.612625 4.87577  6.05487
0.615037 4.84988  6.02438
0.617449 4.82411  5.99406
0.619861 4.79844  5.96391
0.622273 4.77287  5.93394
0.624685 4.74741  5.90413
0.627097 4.72205  5.8745
0.629509 4.69679  5.84504
0.63192 4.67164  5.81574
0.634332 4.64659  5.78661
0.636744 4.62165  5.75764
0.639156 4.59681  5.72884
0.641568 4.57208  5.7002
0.64398 4.54744  5.67172
0.646392 4.52291  5.64341
0.648804 4.49849  5.61525
0.651216 4.47416  5.58726
0.653628 4.44994  5.55942
0.65604 4.42583  5.53173
0.658451 4.40181  5.50421
0.660863 4.3779  5.47684
0.663275 4.35409  5.44962
0.665687 4.33038  5.42255
0.668099 4.30677  5.39564
0.670511 4.28327  5.36887
0.672923 4.25987  5.34226
0.675335 4.23657  5.3158
0.677747 4.21337  5.28948
0.680159 4.19027  5.26331
0.682571 4.16728  5.23728
0.684982 4.14438  5.2114
0.687394 4.12159  5.18567
0.689806 4.09889  5.16007
0.692218 4.0763  5.13462
0.69463 4.05381  5.10931
0.697042 4.03142  5.08414
0.699454 4.00913  5.05911
0.701866 3.98694  5.03422
0.704278 3.96485  5.00947
0.70669 3.94285  4.98485
0.709102 3.92096  4.96037
0.711513 3.89917  4.93602
0.713925 3.87748  4.91181
0.716337 3.85588  4.88773
0.718749 3.83439  4.86378
0.721161 3.81299  4.83996
0.723573 3.7917  4.81628
0.725985 3.7705  4.79272
0.728397 3.7494  4.7693
0.730809 3.72839  4.746
0.733221 3.70749  4.72283
0.735633 3.68668  4.69978
0.738044 3.66597  4.67686
0.740456 3.64536  4.65407
0.742868 3.62484  4.6314
0.74528 3.60442  4.60886
0.747692 3.5841  4.58643
0.750104 3.56387  4.56413
0.752516 3.54374  4.54195
0.754928 3.52371  4.51989
0.75734 3.50377  4.49795
0.759752 3.48393  4.47613
0.762164 3.46418  4.45443
0.764575 3.44453  4.43285
0.766987 3.42497  4.41138
0.769399 3.40551  4.39002
0.771811 3.38614  4.36879
0.774223 3.36687  4.34766
0.776635 3.34769  4.32666
0.779047 3.3286  4.30576
0.781459 3.30961  4.28498
0.783871 3.29071  4.26431
0.786283 3.2719  4.24374
0.788695 3.25318  4.22329
0.791106 3.23456  4.20295
0.793518 3.21603  4.18272
0.79593 3.19759  4.1626
0.798342 3.17924  4.14258
0.800754 3.16099  4.12268
0.803166 3.14282  4.10287
0.805578 3.12475  4.08318
0.80799 3.10677  4.06359
0.810402 3.08887  4.0441
0.812814 3.07107  4.02472
0.815226 3.05336  4.00544
0.817637 3.03573  3.98626
0.820049 3.0182  3.96719
0.822461 3.00075  3.94821
0.824873 2.98339  3.92934
0.827285 2.96612  3.91057
0.829697 2.94894  3.89189
0.832109 2.93184  3.87332
0.834521 2.91484  3.85484
0.836933 2.89792  3.83647
0.839345 2.88108  3.81819
0.841757 2.86434  3.8
0.844169 2.84767  3.78191
0.84658 2.8311  3.76392
0.848992 2.81461  3.74602
0.851404 2.79821  3.72822
0.853816 2.78189  3.71051
0.856228 2.76565  3.69289
0.85864 2.7495  3.67536
0.861052 2.73343  3.65793
0.863464 2.71745  3.64059
0.865876 2.70155  3.62334
0.868288 2.68574  3.60618
0.8707 2.67  3.58911
0.873111 2.65435  3.57213
0.875523 2.63878  3.55524
0.877935 2.62329  3.53843
0.880347 2.60789  3.52172
0.882759 2.59256  3.50509
0.885171 2.57732  3.48855
0.887583 2.56216  3.47209
0.889995 2.54707  3.45572
0.892407 2.53207  3.43944
0.894819 2.51714  3.42324
0.897231 2.5023  3.40712
0.899642 2.48753  3.39109
0.902054 2.47285  3.37514
0.904466 2.45824  3.35928
0.906878 2.44371  3.34349
0.90929 2.42925  3.32779
0.911702 2.41488  3.31217
0.914114 2.40058  3.29663
0.916526 2.38635  3.28117
0.918938 2.37221  3.26579
0.92135 2.35814  3.25049
0.923762 2.34414  3.23527
0.926173 2.33022  3.22013
0.928585 2.31638  3.20506
0.930997 2.30261  3.19007
0.933409 2.28891  3.17516
0.935821 2.27529  3.16033
0.938233 2.26174  3.14557
0.940645 2.24827  3.13089
0.943057 2.23486  3.11629
0.945469 2.22153  3.10176
0.947881 2.20828  3.0873
0.950293 2.19509  3.07292
0.952704 2.18198  3.05861
0.955116 2.16894  3.04437
0.957528 2.15597  3.03021
0.95994 2.14307  3.01612
0.962352 2.13024  3.0021
0.964764 2.11748  2.98815
0.967176 2.10479  2.97428
0.969588 2.09217  2.96047
0.972 2.07961  2.94674
0.974412 2.06713  2.93307
0.976824 2.05472  2.91947
0.979235 2.04237  2.90595
0.981647 2.03009  2.89249
0.984059 2.01788  2.8791
0.986471 2.00574  2.86578
0.988883 1.99366  2.85253
0.991295 1.98165  2.83934
0.993707 1.96971  2.82622
0.996119 1.95783  2.81316
0.998531 1.94601  2.80018
1.00094 1.93427  2.78725
1.00335 1.92258  2.7744
1.00577 1.91097  2.76161
1.00818 1.89941  2.74888
1.01059 1.88792  2.73622
1.013 1.87649  2.72362
1.01541 1.86513  2.71108
1.01783 1.85383  2.69861
1.02024 1.84259  2.6862
1.02265 1.83142  2.67385
1.02506 1.8203  2.66156
1.02747 1.80925  2.64934
1.02989 1.79826  2.63717
1.0323 1.78733  2.62507
1.03471 1.77647  2.61303
1.03712 1.76566  2.60105
1.03953 1.75491  2.58913
1.04195 1.74422  2.57727
1.04436 1.7336  2.56546
1.04677 1.72303  2.55372
1.04918 1.71252  2.54204
1.05159 1.70207  2.53041
1.054 1.69167  2.51884
1.05642 1.68134  2.50733
1.05883 1.67106  2.49587
1.06124 1.66084  2.48448
1.06365 1.65068  2.47314
1.06606 1.64058  2.46185
1.06848 1.63053  2.45062
1.07089 1.62053  2.43945
1.0733 1.6106  2.42833
1.07571 1.60072  2.41727
1.07812 1.59089  2.40627
1.08054 1.58112  2.39531
1.08295 1.57141  2.38441
1.08536 1.56175  2.37357
1.08777 1.55214  2.36278
1.09018 1.54259  2.35204
1.0926 1.53309  2.34135
1.09501 1.52364  2.33072
1.09742 1.51425  2.32014
1.09983 1.50491  2.30961
1.10224 1.49562  2.29914
1.10465 1.48639  2.28871
1.10707 1.47721  2.27834
1.10948 1.46807  2.26801
1.11189 1.45899  2.25774
1.1143 1.44997  2.24752
1.11671 1.44099  2.23735
1.11913 1.43206  2.22723
1.12154 1.42319  2.21715
1.12395 1.41436  2.20713
1.12636 1.40558  2.19716
1.12877 1.39685  2.18723
1.13119 1.38818  2.17735
1.1336 1.37955  2.16752
1.13601 1.37097  2.15774
1.13842 1.36244  2.14801
1.14083 1.35395  2.13832
1.14325 1.34552  2.12868
1.14566 1.33713  2.11909
1.14807 1.32879  2.10954
1.15048 1.3205  2.10004
1.15289 1.31225  2.09059
1.1553 1.30405  2.08118
1.15772 1.2959  2.07182
1.16013 1.28779  2.0625
1.16254 1.27973  2.05323
1.16495 1.27171  2.044
1.16736 1.26374  2.03482
1.16978 1.25582  2.02568
1.17219 1.24794  2.01659
1.1746 1.2401  2.00754
1.17701 1.23231  1.99853
1.17942 1.22456  1.98956
1.18184 1.21686  1.98064
1.18425 1.2092  1.97177
1.18666 1.20158  1.96293
1.18907 1.19401  1.95414
1.19148 1.18648  1.94539
1.1939 1.17899  1.93668
1.19631 1.17155  1.92801
1.19872 1.16415  1.91938
1.20113 1.15679  1.9108
1.20354 1.14947  1.90225
1.20596 1.14219  1.89375
1.20837 1.13495  1.88529
1.21078 1.12776  1.87687
1.21319 1.12061  1.86848
1.2156 1.11349  1.86014
1.21801 1.10642  1.85184
1.22043 1.09939  1.84358
1.22284 1.09239  1.83535
1.22525 1.08544  1.82717
1.22766 1.07853  1.81902
1.23007 1.07165  1.81091
1.23249 1.06482  1.80284
1.2349 1.05802  1.79481
1.23731 1.05126  1.78682
1.23972 1.04454  1.77886
1.24213 1.03786  1.77094
1.24455 1.03122  1.76306
1.24696 1.02462  1.75522
1.24937 1.01805  1.74741
1.25178 1.01152  1.73964
1.25419 1.00502  1.73191
1.25661 0.998569  1.72421
1.25902 0.992149  1.71655
1.26143 0.985766  1.70892
1.26384 0.97942  1.70133
1.26625 0.973109  1.69378
1.26866 0.966835  1.68626
1.27108 0.960596  1.67877
1.27349 0.954393  1.67132
1.2759 0.948225  1.66391
1.27831 0.942092  1.65653
1.28072 0.935994  1.64918
1.28314 0.929931  1.64187
1.28555 0.923903  1.63459
1.28796 0.917909  1.62735
1.29037 0.911948  1.62014
1.29278 0.906022  1.61296
1.2952 0.90013  1.60582
1.29761 0.894271  1.59871
1.30002 0.888446  1.59163
1.30243 0.882654  1.58458
1.30484 0.876895  1.57757
1.30726 0.871169  1.57059
1.30967 0.865475  1.56364
1.31208 0.859814  1.55673
1.31449 0.854185  1.54984
1.3169 0.848588  1.54299
1.31931 0.843024  1.53617
1.32173 0.83749  1.52937
1.32414 0.831989  1.52262
1.32655 0.826519  1.51589
1.32896 0.82108  1.50919
1.33137 0.815672  1.50252
1.33379 0.810295  1.49588
1.3362 0.804949  1.48928
1.33861 0.799633  1.4827
1.34102 0.794348  1.47615
1.34343 0.789093  1.46964
1.34585 0.783868  1.46315
1.34826 0.778672  1.45669
1.35067 0.773507  1.45026
1.35308 0.768371  1.44386
1.35549 0.763264  1.43749
1.35791 0.758186  1.43115
1.36032 0.753138  1.42484
1.36273 0.748118  1.41855
1.36514 0.743127  1.41229
1.36755 0.738165  1.40606
1.36996 0.733231  1.39986
1.37238 0.728325  1.39369
1.37479 0.723447  1.38754
1.3772 0.718597  1.38143
1.37961 0.713775  1.37534
1.38202 0.708981  1.36927
1.38444 0.704214  1.36324
1.38685 0.699474  1.35723
1.38926 0.694761  1.35124
1.39167 0.690076  1.34529
1.39408 0.685417  1.33936
1.3965 0.680785  1.33345
1.39891 0.676179  1.32758
1.40132 0.6716  1.32172
1.40373 0.667047  1.3159
1.40614 0.66252  1.3101
1.40856 0.658019  1.30432
1.41097 0.653544  1.29858
1.41338 0.649095  1.29285
1.41579 0.644671  1.28715
1.4182 0.640272  1.28148
1.42061 0.635899  1.27583
1.42303 0.631551  1.27021
1.42544 0.627227  1.26461
1.42785 0.622929  1.25903
1.43026 0.618655  1.25348
1.43267 0.614406  1.24796
1.43509 0.610181  1.24245
1.4375 0.605981  1.23698
1.43991 0.601805  1.23152
1.44232 0.597652  1.22609
1.44473 0.593524  1.22068
1.44715 0.589419  1.2153
1.44956 0.585338  1.20994
1.45197 0.58128  1.2046
1.45438 0.577246  1.19928
1.45679 0.573235  1.19399
1.45921 0.569247  1.18872
1.46162 0.565282  1.18348
1.46403 0.56134  1.17825
1.46644 0.55742  1.17305
1.46885 0.553524  1.16787
1.47127 0.549649  1.16271
1.47368 0.545797  1.15758
1.47609 0.541967  1.15246
1.4785 0.53816  1.14737
1.48091 0.534374  1.1423
1.48332 0.53061  1.13725
1.48574 0.526868  1.13222
1.48815 0.523147  1.12722
1.49056 0.519448  1.12223
1.49297 0.515771  1.11727
1.49538 0.512114  1.11232
1.4978 0.508479  1.1074
1.50021 0.504865  1.1025
1.50262 0.501272  1.09762
1.50503 0.497699  1.09276
1.50744 0.494147  1.08792
1.50986 0.490616  1.08309
1.51227 0.487105  1.07829
1.51468 0.483615  1.07351
1.51709 0.480145  1.06875
1.5195 0.476695  1.06401
1.52192 0.473265  1.05929
1.52433 0.469854  1.05459
1.52674 0.466464  1.0499
1.52915 0.463094  1.04524
1.53156 0.459743  1.0406
1.53397 0.456411  1.03597
1.53639 0.453099  1.03136
1.5388 0.449806  1.02678
1.54121 0.446532  1.02221
1.54362 0.443278  1.01766
1.54603 0.440042  1.01312
1.54845 0.436825  1.00861
1.55086 0.433627  1.00412
1.55327 0.430448  0.999638
1.55568 0.427287  0.995179
1.55809 0.424144  0.990738
1.56051 0.42102  0.986315
1.56292 0.417914  0.98191
1.56533 0.414827  0.977522
1.56774 0.411757  0.973152
1.57015 0.408706  0.968799
1.57257 0.405672  0.964464
1.57498 0.402656  0.960146
1.57739 0.399658  0.955845
1.5798 0.396677  0.951561
1.58221 0.393714  0.947294
1.58462 0.390768  0.943043
1.58704 0.387839  0.93881
1.58945 0.384928  0.934593
1.59186 0.382034  0.930393
1.59427 0.379157  0.926209
1.59668 0.376297  0.922042
1.5991 0.373453  0.917891
1.60151 0.370626  0.913756
1.60392 0.367817  0.909637
1.60633 0.365023  0.905534
1.60874 0.362246  0.901447
1.61116 0.359486  0.897376
1.61357 0.356742  0.89332
1.61598 0.354014  0.88928
1.61839 0.351302  0.885256
1.6208 0.348606  0.881246
1.62322 0.345926  0.877253
1.62563 0.343262  0.873274
1.62804 0.340614  0.869311
1.63045 0.337982  0.865363
1.63286 0.335365  0.861429
1.63527 0.332764  0.857511
1.63769 0.330178  0.853607
1.6401 0.327608  0.849718
1.64251 0.325053  0.845844
1.64492 0.322513  0.841984
1.64733 0.319989  0.838139
1.64975 0.317479  0.834307
1.65216 0.314984  0.830491
1.65457 0.312505  0.826688
1.65698 0.31004  0.822899
1.65939 0.30759  0.819125
1.66181 0.305155  0.815364
1.66422 0.302734  0.811617
1.66663 0.300327  0.807884
1.66904 0.297936  0.804165
1.67145 0.295558  0.800459
1.67387 0.293195  0.796767
1.67628 0.290846  0.793088
1.67869 0.288512  0.789422
1.6811 0.286191  0.78577
1.68351 0.283884  0.782131
1.68593 0.281592  0.778505
1.68834 0.279313  0.774891
1.69075 0.277048  0.771291
1.69316 0.274796  0.767704
1.69557 0.272559  0.764129
1.69798 0.270335  0.760568
1.7004 0.268124  0.757018
1.70281 0.265927  0.753482
1.70522 0.263743  0.749957
1.70763 0.261573  0.746446
1.71004 0.259415  0.742946
1.71246 0.257271  0.739459
1.71487 0.25514  0.735983
1.71728 0.253022  0.73252
1.71969 0.250917  0.729069
1.7221 0.248825  0.72563
1.72452 0.246746  0.722203
1.72693 0.244679  0.718787
1.72934 0.242626  0.715383
1.73175 0.240584  0.711991
1.73416 0.238556  0.70861
1.73658 0.23654  0.705241
1.73899 0.234536  0.701883
1.7414 0.232545  0.698536
1.74381 0.230566  0.695201
1.74622 0.228599  0.691877
1.74863 0.226645  0.688564
1.75105 0.224702  0.685262
1.75346 0.222772  0.681971
1.75587 0.220854  0.678691
1.75828 0.218947  0.675422
1.76069 0.217053  0.672163
1.76311 0.21517  0.668916
1.76552 0.213299  0.665678
1.76793 0.21144  0.662452
1.77034 0.209593  0.659236
1.77275 0.207757  0.65603
1.77517 0.205932  0.652835
1.77758 0.204119  0.64965
1.77999 0.202318  0.646475
1.7824 0.200528  0.64331
1.78481 0.198749  0.640155
1.78723 0.196981  0.637011
1.78964 0.195225  0.633876
1.79205 0.19348  0.630751
1.79446 0.191746  0.627636
1.79687 0.190022  0.624531
1.79928 0.18831  0.621436
1.8017 0.186609  0.61835
1.80411 0.184919  0.615273
1.80652 0.183239  0.612207
1.80893 0.18157  0.609149
1.81134 0.179912  0.606101
1.81376 0.178264  0.603062
1.81617 0.176628  0.600033
1.81858 0.175001  0.597013
1.82099 0.173385  0.594001
1.8234 0.17178  0.590999
1.82582 0.170185  0.588006
1.82823 0.1686  0.585022
1.83064 0.167026  0.582047
1.83305 0.165462  0.57908
1.83546 0.163908  0.576122
1.83788 0.162364  0.573173
1.84029 0.16083  0.570233
1.8427 0.159306  0.567301
1.84511 0.157792  0.564378
1.84752 0.156289  0.561463
1.84993 0.154795  0.558556
1.85235 0.153311  0.555658
1.85476 0.151836  0.552768
1.85717 0.150372  0.549887
1.85958 0.148917  0.547013
1.86199 0.147472  0.544148
1.86441 0.146036  0.54129
1.86682 0.14461  0.538441
1.86923 0.143193  0.5356
1.87164 0.141786  0.532766
1.87405 0.140389  0.529941
1.87647 0.139  0.527123
1.87888 0.137621  0.524312
1.88129 0.136252  0.52151
1.8837 0.134891  0.518715
1.88611 0.13354  0.515928
1.88853 0.132198  0.513148
1.89094 0.130865  0.510375
1.89335 0.129541  0.50761
1.89576 0.128226  0.504853
1.89817 0.12692  0.502102
1.90059 0.125623  0.499359
1.903 0.124335  0.496623
1.90541 0.123056  0.493894
1.90782 0.121786  0.491172
1.91023 0.120524  0.488458
1.91264 0.119271  0.48575
1.91506 0.118027  0.483049
1.91747 0.116791  0.480355
1.91988 0.115564  0.477668
1.92229 0.114346  0.474987
1.9247 0.113136  0.472314
1.92712 0.111934  0.469646
1.92953 0.110741  0.466986
1.93194 0.109557  0.464332
1.93435 0.10838  0.461685
1.93676 0.107213  0.459044
1.93918 0.106053  0.456409
1.94159 0.104901  0.453781
1.944 0.103758  0.45116
1.94641 0.102623  0.448544
1.94882 0.101496  0.445935
1.95124 0.100377  0.443332
1.95365 0.0992665  0.440735
1.95606 0.0981637  0.438144
1.95847 0.0970689  0.435559
1.96088 0.095982  0.43298
1.96329 0.094903  0.430407
1.96571 0.0938319  0.42784
1.96812 0.0927686  0.425279
1.97053 0.0917131  0.422724
1.97294 0.0906654  0.420174
1.97535 0.0896253  0.41763
1.97777 0.088593  0.415092
1.98018 0.0875683  0.412559
1.98259 0.0865512  0.410032
1.985 0.0855417  0.407511
1.98741 0.0845397  0.404995
1.98983 0.0835453  0.402484
1.99224 0.0825583  0.399979
1.99465 0.0815787  0.397479
1.99706 0.0806066  0.394985
1.99947 0.0796418  0.392495
2.00189 0.0786843  0.390011
2.0043 0.0777342  0.387533
2.00671 0.0767913  0.385059
2.00912 0.0758557  0.382591
2.01153 0.0749273  0.380127
2.01394 0.074006  0.377669
2.01636 0.0730919  0.375215
2.01877 0.0721848  0.372767
2.02118 0.0712849  0.370323
2.02359 0.070392  0.367884
2.026 0.0695061  0.36545
2.02842 0.0686271  0.363021
2.03083 0.0677552  0.360597
2.03324 0.0668901  0.358177
2.03565 0.0660319  0.355762
2.03806 0.0651806  0.353351
2.04048 0.064336  0.350945
2.04289 0.0634983  0.348544
2.0453 0.0626674  0.346147
2.04771 0.0618431  0.343755
2.05012 0.0610256  0.341367
2.05254 0.0602147  0.338983
2.05495 0.0594105  0.336604
2.05736 0.0586128  0.334229
2.05977 0.0578218  0.331858
2.06218 0.0570373  0.329491
2.06459 0.0562593  0.327129
2.06701 0.0554878  0.324771
2.06942 0.0547228  0.322417
2.07183 0.0539642  0.320067
2.07424 0.053212  0.317721
2.07665 0.0524662  0.31538
2.07907 0.0517268  0.313042
2.08148 0.0509936  0.310708
2.08389 0.0502668  0.308378
2.0863 0.0495462  0.306052
2.08871 0.0488319  0.303729
2.09113 0.0481237  0.301411
2.09354 0.0474218  0.299096
2.09595 0.046726  0.296785
2.09836 0.0460363  0.294478
2.10077 0.0453527  0.292174
2.10319 0.0446752  0.289874
2.1056 0.0440038  0.287578
2.10801 0.0433384  0.285285
2.11042 0.0426789  0.282996
2.11283 0.0420255  0.28071
2.11525 0.0413779  0.278428
2.11766 0.0407363  0.276149
2.12007 0.0401006  0.273873
2.12248 0.0394708  0.271601
2.12489 0.0388468  0.269332
2.1273 0.0382286  0.267067
2.12972 0.0376161  0.264805
2.13213 0.0370095  0.262546
2.13454 0.0364086  0.26029
2.13695 0.0358134  0.258037
2.13936 0.0352239  0.255788
2.14178 0.0346401  0.253542
2.14419 0.0340619  0.251298
2.1466 0.0334893  0.249058
2.14901 0.0329223  0.246821
2.15142 0.0323609  0.244587
2.15384 0.031805  0.242356
2.15625 0.0312546  0.240128
2.15866 0.0307098  0.237903
2.16107 0.0301704  0.23568
2.16348 0.0296364  0.233461
2.1659 0.0291079  0.231244
2.16831 0.0285848  0.22903
2.17072 0.0280671  0.226819
2.17313 0.0275547  0.224611
2.17554 0.0270477  0.222405
2.17795 0.0265459  0.220202
2.18037 0.0260495  0.218002
2.18278 0.0255583  0.215805
2.18519 0.0250724  0.21361
2.1876 0.0245917  0.211417
2.19001 0.0241162  0.209227
2.19243 0.0236459  0.20704
2.19484 0.0231807  0.204855
2.19725 0.0227207  0.202673
2.19966 0.0222658  0.200493
2.20207 0.021816  0.198316
2.20449 0.0213712  0.196141
2.2069 0.0209315  0.193968
2.20931 0.0204968  0.191798
2.21172 0.0200672  0.18963
2.21413 0.0196425  0.187465
2.21655 0.0192228  0.185301
2.21896 0.018808  0.18314
2.22137 0.0183981  0.180982
2.22378 0.0179932  0.178825
2.22619 0.0175931  0.176671
2.2286 0.0171979  0.174519
2.23102 0.0168076  0.172369
2.23343 0.0164221  0.170221
2.23584 0.0160413  0.168075
2.23825 0.0156654  0.165932
2.24066 0.0152942  0.16379
2.24308 0.0149278  0.16165
2.24549 0.0145661  0.159513
2.2479 0.0142091  0.157377
2.25031 0.0138567  0.155244
2.25272 0.0135091  0.153112
2.25514 0.0131661  0.150983
2.25755 0.0128277  0.148855
2.25996 0.0124939  0.146729
2.26237 0.0121648  0.144606
2.26478 0.0118402  0.142484
2.2672 0.0115201  0.140364
2.26961 0.0112046  0.138245
2.27202 0.0108936  0.136129
2.27443 0.0105871  0.134014
2.27684 0.0102851  0.131901
2.27925 0.0099875  0.12979
2.28167 0.00969439  0.127681
2.28408 0.0094057  0.125573
2.28649 0.00912142  0.123467
2.2889 0.00884152  0.121363
2.29131 0.00856601  0.11926
2.29373 0.00829484  0.117159
2.29614 0.00802801  0.11506
2.29855 0.00776551  0.112962
2.30096 0.0075073  0.110866
2.30337 0.00725338  0.108772
2.30579 0.00700373  0.106679
2.3082 0.00675834  0.104588
2.31061 0.00651717  0.102498
2.31302 0.00628023  0.10041
2.31543 0.00604748  0.0983231
2.31785 0.00581892  0.096238
2.32026 0.00559452  0.0941544
2.32267 0.00537428  0.0920722
2.32508 0.00515817  0.0899916
2.32749 0.00494618  0.0879123
2.32991 0.00473829  0.0858346
2.33232 0.00453449  0.0837583
2.33473 0.00433476  0.0816834
2.33714 0.00413908  0.0796099
2.33955 0.00394744  0.0775378
2.34196 0.00375982  0.0754671
2.34438 0.0035762  0.0733978
2.34679 0.00339658  0.0713299
2.3492 0.00322093  0.0692633
2.35161 0.00304925  0.0671981
2.35402 0.0028815  0.0651342
2.35644 0.00271768  0.0630717
2.35885 0.00255778  0.0610105
2.36126 0.00240178  0.0589506
2.36367 0.00224965  0.056892
2.36608 0.0021014  0.0548347
2.3685 0.001957  0.0527787
2.37091 0.00181644  0.050724
2.37332 0.0016797  0.0486705
2.37573 0.00154676  0.0466183
2.37814 0.00141763  0.0445674
2.38056 0.00129227  0.0425177
2.38297 0.00117067  0.0404693
2.38538 0.00105283  0.0384221
2.38779 0.000938722  0.0363762
2.3902 0.000828335  0.0343315
2.39261 0.000721656  0.032288
2.39503 0.000618669  0.0302458
2.39744 0.000519362  0.0282047
2.39985 0.00042372  0.0261649
2.40226 0.000331729  0.0241263
2.40467 0.000243375  0.0220889
2.40709 0.000158645  0.0200527
2.4095 7.75245e-05  0.0180177
2.41191 -0  0.0159839
