0 -17860.9 0 -0.940388
0.00241191 -11849.9 0.421313 -0.907572
0.00482382 -5838.76 0.838892 -0.871711
0.00723573 -3835.94 1.24989 -0.837472
0.00964764 -2835.42 1.65228 -0.804796
0.0120596 -2235.92 2.04464 -0.773616
0.0144715 -1837 2.42609 -0.743866
0.0168834 -1552.73 2.79611 -0.715484
0.0192953 -1340.12 3.15452 -0.68841
0.0217072 -1175.28 3.50134 -0.662588
0.0241191 -1043.89 3.83679 -0.637966
0.026531 -936.79 4.1612 -0.614493
0.0289429 -847.907 4.47501 -0.592124
0.0313548 -773.018 4.77871 -0.570816
0.0337667 -709.11 5.07281 -0.550528
0.0361787 -653.972 5.35787 -0.531224
0.0385906 -605.944 5.63443 -0.512869
0.0410025 -563.76 5.90302 -0.495431
0.0434144 -526.433 6.16417 -0.47888
0.0458263 -493.186 6.41839 -0.463189
0.0482382 -463.397 6.66614 -0.448332
0.0506501 -436.563 6.90788 -0.434284
0.053062 -412.274 7.14402 -0.421022
0.0554739 -390.19 7.37495 -0.408524
0.0578858 -370.03 7.60103 -0.396769
0.0602978 -351.557 7.82259 -0.385735
0.0627097 -334.573 8.03992 -0.375401
0.0651216 -318.907 8.2533 -0.365746
0.0675335 -304.416 8.46298 -0.356745
0.0699454 -290.973 8.66916 -0.348377
0.0723573 -278.472 8.87206 -0.340615
0.0747692 -266.82 9.07185 -0.333434
0.0771811 -255.934 9.26868 -0.326806
0.079593 -245.743 9.4627 -0.320703
0.0820049 -236.185 9.65403 -0.315094
0.0844169 -227.204 9.84277 -0.309948
0.0868288 -218.75 10.029 -0.305232
0.0892407 -210.78 10.2129 -0.300916
0.0916526 -203.256 10.3944 -0.296967
0.0940645 -196.142 10.5736 -0.293353
0.0964764 -189.406 10.7507 -0.290043
0.0988883 -183.021 10.9255 -0.287007
0.1013 -176.962 11.0982 -0.284217
0.103712 -171.204 11.2689 -0.281646
0.106124 -165.728 11.4374 -0.279268
0.108536 -160.514 11.6039 -0.277061
0.110948 -155.545 11.7684 -0.275002
0.11336 -150.805 11.9309 -0.273072
0.115772 -146.28 12.0914 -0.271254
0.118184 -141.956 12.2499 -0.269531
0.120596 -137.822 12.4065 -0.267889
0.123007 -133.866 12.5611 -0.266316
0.125419 -130.077 12.7137 -0.2648
0.127831 -126.447 12.8644 -0.263332
0.130243 -122.965 13.0132 -0.261902
0.132655 -119.625 13.16 -0.260504
0.135067 -116.419 13.3049 -0.259131
0.137479 -113.338 13.448 -0.257778
0.139891 -110.378 13.5891 -0.256439
0.142303 -107.531 13.7283 -0.255111
0.144715 -104.792 13.8657 -0.25379
0.147127 -102.155 14.0011 -0.252473
0.149538 -99.6162 14.1348 -0.251159
0.15195 -97.1699 14.2665 -0.249844
0.154362 -94.8119 14.3964 -0.248529
0.156774 -92.5382 14.5245 -0.24721
0.159186 -90.3447 14.6508 -0.245888
0.161598 -88.2278 14.7752 -0.244561
0.16401 -86.184 14.8979 -0.243229
0.166422 -84.2101 15.0188 -0.241891
0.168834 -82.303 15.1379 -0.240548
0.171246 -80.4597 15.2553 -0.2392
0.173658 -78.6776 15.371 -0.237845
0.176069 -76.9539 15.4849 -0.236485
0.178481 -75.2863 15.5972 -0.23512
0.180893 -73.6724 15.7078 -0.233749
0.183305 -72.1099 15.8167 -0.232374
0.185717 -70.5968 15.924 -0.230994
0.188129 -69.131 16.0297 -0.229609
0.190541 -67.7106 16.1338 -0.228221
0.192953 -66.3339 16.2363 -0.22683
0.195365 -64.9991 16.3372 -0.225435
0.197777 -63.7045 16.4366 -0.224038
0.200189 -62.4487 16.5346 -0.222639
0.2026 -61.23 16.631 -0.221238
0.205012 -60.0472 16.726 -0.219836
0.207424 -58.8987 16.8195 -0.218433
0.209836 -57.7834 16.9116 -0.217029
0.212248 -56.7 17.0023 -0.215626
0.21466 -55.6473 17.0916 -0.214223
0.217072 -54.6242 17.1796 -0.212821
0.219484 -53.6296 17.2663 -0.21142
0.221896 -52.6624 17.3516 -0.210021
0.224308 -51.7218 17.4357 -0.208624
0.22672 -50.8066 17.5185 -0.207229
0.229131 -49.9161 17.6001 -0.205837
0.231543 -49.0494 17.6804 -0.204449
0.233955 -48.2056 17.7596 -0.203063
0.236367 -47.3839 17.8376 -0.201682
0.238779 -46.5836 17.9145 -0.200304
0.241191 -45.8039 17.9903 -0.198931
0.243603 -45.0441 18.0649 -0.197562
0.246015 -44.3036 18.1385 -0.196199
0.248427 -43.5817 18.211 -0.19484
0.250839 -42.8777 18.2825 -0.193487
0.253251 -42.1912 18.353 -0.19214
0.255662 -41.5214 18.4225 -0.190799
0.258074 -40.8679 18.491 -0.189464
0.260486 -40.2302 18.5585 -0.188135
0.262898 -39.6076 18.6252 -0.186813
0.26531 -38.9997 18.6909 -0.185498
0.267722 -38.4061 18.7558 -0.18419
0.270134 -37.8263 18.8198 -0.182889
0.272546 -37.2599 18.8829 -0.181595
0.274958 -36.7064 18.9452 -0.180309
0.27737 -36.1654 19.0067 -0.179031
0.279782 -35.6366 19.0674 -0.177761
0.282193 -35.1195 19.1273 -0.176499
0.284605 -34.6138 19.1865 -0.175245
0.287017 -34.1192 19.245 -0.173999
0.289429 -33.6353 19.3027 -0.172762
0.291841 -33.1618 19.3597 -0.171533
0.294253 -32.6984 19.416 -0.170314
0.296665 -32.2448 19.4717 -0.169103
0.299077 -31.8006 19.5267 -0.167901
0.301489 -31.3657 19.5811 -0.166708
0.303901 -30.9397 19.6348 -0.165525
0.306313 -30.5224 19.6879 -0.164351
0.308724 -30.1136 19.7405 -0.163187
0.311136 -29.7129 19.7924 -0.162032
0.313548 -29.3202 19.8438 -0.160887
0.31596 -28.9352 19.8947 -0.159751
0.318372 -28.5577 19.945 -0.158626
0.320784 -28.1876 19.9948 -0.157511
0.323196 -27.8245 20.0441 -0.156405
0.325608 -27.4684 20.0928 -0.15531
0.32802 -27.1189 20.1411 -0.154226
0.330432 -26.776 20.1889 -0.153151
0.332844 -26.4395 20.2363 -0.152088
0.335255 -26.1091 20.2832 -0.151034
0.337667 -25.7848 20.3296 -0.149992
0.340079 -25.4663 20.3757 -0.14896
0.342491 -25.1535 20.4213 -0.147939
0.344903 -24.8463 20.4665 -0.146929
0.347315 -24.5445 20.5113 -0.14593
0.349727 -24.2479 20.5557 -0.144942
0.352139 -23.9565 20.5997 -0.143965
0.354551 -23.6701 20.6434 -0.142999
0.356963 -23.3886 20.6867 -0.142045
0.359375 -23.1119 20.7296 -0.141102
0.361787 -22.8398 20.7722 -0.140171
0.364198 -22.5722 20.8145 -0.139251
0.36661 -22.309 20.8564 -0.138342
0.369022 -22.0501 20.8981 -0.137446
0.371434 -21.7955 20.9394 -0.136561
0.373846 -21.5449 20.9804 -0.135687
0.376258 -21.2983 21.0211 -0.134826
0.37867 -21.0557 21.0615 -0.133977
0.381082 -20.8169 21.1016 -0.133139
0.383494 -20.5817 21.1415 -0.132313
0.385906 -20.3503 21.1811 -0.1315
0.388318 -20.1224 21.2204 -0.130699
0.390729 -19.898 21.2595 -0.129909
0.393141 -19.6769 21.2983 -0.129132
0.395553 -19.4592 21.3368 -0.128367
0.397965 -19.2448 21.3751 -0.127615
0.400377 -19.0335 21.4132 -0.126874
0.402789 -18.8253 21.4511 -0.126146
0.405201 -18.6202 21.4887 -0.12543
0.407613 -18.4181 21.5261 -0.124727
0.410025 -18.2188 21.5633 -0.124035
0.412437 -18.0224 21.6003 -0.123357
0.414849 -17.8288 21.637 -0.12269
0.41726 -17.638 21.6736 -0.122036
0.419672 -17.4498 21.7099 -0.121394
0.422084 -17.2642 21.7461 -0.120764
0.424496 -17.0812 21.7821 -0.120147
0.426908 -16.9007 21.8178 -0.119541
0.42932 -16.7227 21.8534 -0.118948
0.431732 -16.5471 21.8889 -0.118367
0.434144 -16.3739 21.9241 -0.117798
0.436556 -16.203 21.9591 -0.117241
0.438968 -16.0343 21.994 -0.116696
0.44138 -15.8679 22.0288 -0.116163
0.443791 -15.7037 22.0633 -0.115641
0.446203 -15.5417 22.0977 -0.115132
0.448615 -15.3817 22.1319 -0.114633
0.451027 -15.2238 22.166 -0.114147
0.453439 -15.068 22.1999 -0.113671
0.455851 -14.9141 22.2336 -0.113207
0.458263 -14.7622 22.2672 -0.112754
0.460675 -14.6122 22.3007 -0.112313
0.463087 -14.4641 22.334 -0.111881
0.465499 -14.3179 22.3672 -0.111461
0.467911 -14.1735 22.4002 -0.111051
0.470322 -14.0309 22.433 -0.110652
0.472734 -13.89 22.4658 -0.110263
0.475146 -13.7508 22.4984 -0.109884
0.477558 -13.6134 22.5308 -0.109515
0.47997 -13.4776 22.5632 -0.109155
0.482382 -13.3435 22.5953 -0.108806
0.484794 -13.211 22.6274 -0.108465
0.487206 -13.0801 22.6593 -0.108134
0.489618 -12.9507 22.6911 -0.107812
0.49203 -12.8228 22.7228 -0.107499
0.494442 -12.6965 22.7543 -0.107194
0.496853 -12.5717 22.7857 -0.106898
0.499265 -12.4483 22.817 -0.10661
0.501677 -12.3264 22.8482 -0.10633
0.504089 -12.2058 22.8792 -0.106058
0.506501 -12.0867 22.9101 -0.105793
0.508913 -11.9689 22.9409 -0.105536
0.511325 -11.8525 22.9716 -0.105286
0.513737 -11.7375 23.0022 -0.105043
0.516149 -11.6237 23.0326 -0.104807
0.518561 -11.5112 23.0629 -0.104578
0.520973 -11.4 23.0932 -0.104355
0.523384 -11.2901 23.1232 -0.104139
0.525796 -11.1813 23.1532 -0.103928
0.528208 -11.0738 23.1831 -0.103723
0.53062 -10.9675 23.2128 -0.103524
0.533032 -10.8624 23.2424 -0.10333
0.535444 -10.7584 23.272 -0.103142
0.537856 -10.6556 23.3014 -0.102958
0.540268 -10.5539 23.3307 -0.10278
0.54268 -10.4533 23.3598 -0.102606
0.545092 -10.3538 23.3889 -0.102437
0.547504 -10.2554 23.4179 -0.102272
0.549915 -10.1581 23.4467 -0.102111
0.552327 -10.0618 23.4754 -0.101954
0.554739 -9.96656 23.5041 -0.101801
0.557151 -9.87234 23.5326 -0.101652
0.559563 -9.77913 23.561 -0.101507
0.561975 -9.68692 23.5893 -0.101364
0.564387 -9.59568 23.6175 -0.101225
0.566799 -9.50542 23.6456 -0.101089
0.569211 -9.41611 23.6735 -0.100956
0.571623 -9.32775 23.7014 -0.100826
0.574035 -9.24032 23.7292 -0.100699
0.576446 -9.15381 23.7568 -0.100574
0.578858 -9.0682 23.7844 -0.100452
0.58127 -8.98349 23.8118 -0.100331
0.583682 -8.89967 23.8391 -0.100213
0.586094 -8.81672 23.8664 -0.100097
0.588506 -8.73463 23.8935 -0.0999835
0.590918 -8.65339 23.9205 -0.0998714
0.59333 -8.57299 23.9474 -0.099761
0.595742 -8.49342 23.9742 -0.0996523
0.598154 -8.41467 24.0009 -0.0995452
0.600566 -8.33673 24.0275 -0.0994395
0.602978 -8.25958 24.054 -0.0993352
0.605389 -8.18323 24.0803 -0.0992321
0.607801 -8.10766 24.1066 -0.0991303
0.610213 -8.03285 24.1328 -0.0990296
0.612625 -7.95881 24.1588 -0.0989299
0.615037 -7.88552 24.1848 -0.0988312
0.617449 -7.81297 24.2106 -0.0987334
0.619861 -7.74115 24.2364 -0.0986365
0.622273 -7.67006 24.262 -0.0985403
0.624685 -7.59968 24.2876 -0.0984448
0.627097 -7.53001 24.313 -0.0983499
0.629509 -7.46105 24.3383 -0.0982556
0.63192 -7.39277 24.3636 -0.0981619
0.634332 -7.32517 24.3887 -0.0980686
0.636744 -7.25825 24.4137 -0.0979758
0.639156 -7.192 24.4386 -0.0978834
0.641568 -7.12641 24.4634 -0.0977912
0.64398 -7.06147 24.4881 -0.0976994
0.646392 -6.99717 24.5127 -0.0976078
0.648804 -6.93351 24.5372 -0.0975165
0.651216 -6.87048 24.5616 -0.0974252
0.653628 -6.80807 24.5859 -0.0973342
0.65604 -6.74628 24.6101 -0.0972432
0.658451 -6.6851 24.6342 -0.0971523
0.660863 -6.62451 24.6582 -0.0970615
0.663275 -6.56453 24.6821 -0.0969706
0.665687 -6.50513 24.7058 -0.0968797
0.668099 -6.44631 24.7295 -0.0967888
0.670511 -6.38807 24.7531 -0.0966978
0.672923 -6.3304 24.7766 -0.0966068
0.675335 -6.27329 24.7999 -0.0965156
0.677747 -6.21673 24.8232 -0.0964242
0.680159 -6.16073 24.8464 -0.0963327
0.682571 -6.10527 24.8694 -0.0962411
0.684982 -6.05035 24.8924 -0.0961492
0.687394 -5.99596 24.9153 -0.0960572
0.689806 -5.94209 24.938 -0.0959649
0.692218 -5.88875 24.9607 -0.0958724
0.69463 -5.83593 24.9832 -0.0957796
0.697042 -5.78361 25.0057 -0.0956866
0.699454 -5.7318 25.028 -0.0955933
0.701866 -5.68048 25.0503 -0.0954997
0.704278 -5.62966 25.0724 -0.0954059
0.70669 -5.57933 25.0945 -0.0953117
0.709102 -5.52948 25.1164 -0.0952172
0.711513 -5.48011 25.1383 -0.0951224
0.713925 -5.43121 25.16 -0.0950273
0.716337 -5.38278 25.1817 -0.0949319
0.718749 -5.33481 25.2033 -0.0948361
0.721161 -5.2873 25.2247 -0.09474
0.723573 -5.24024 25.2461 -0.0946435
0.725985 -5.19363 25.2673 -0.0945467
0.728397 -5.14746 25.2885 -0.0944495
0.730809 -5.10174 25.3095 -0.094352
0.733221 -5.05644 25.3305 -0.0942541
0.735633 -5.01158 25.3513 -0.0941559
0.738044 -4.96714 25.3721 -0.0940573
0.740456 -4.92312 25.3928 -0.0939584
0.742868 -4.87952 25.4133 -0.0938591
0.74528 -4.83633 25.4338 -0.0937594
0.747692 -4.79355 25.4542 -0.0936594
0.750104 -4.75117 25.4745 -0.093559
0.752516 -4.7092 25.4946 -0.0934583
0.754928 -4.66761 25.5147 -0.0933572
0.75734 -4.62642 25.5347 -0.0932558
0.759752 -4.58562 25.5546 -0.093154
0.762164 -4.5452 25.5744 -0.0930518
0.764575 -4.50515 25.5941 -0.0929493
0.766987 -4.46549 25.6137 -0.0928464
0.769399 -4.42619 25.6332 -0.0927432
0.771811 -4.38727 25.6526 -0.0926397
0.774223 -4.3487 25.6719 -0.0925358
0.776635 -4.3105 25.6911 -0.0924316
0.779047 -4.27266 25.7102 -0.0923271
0.781459 -4.23516 25.7293 -0.0922222
0.783871 -4.19802 25.7482 -0.092117
0.786283 -4.16122 25.7671 -0.0920115
0.788695 -4.12477 25.7858 -0.0919056
0.791106 -4.08865 25.8045 -0.0917995
0.793518 -4.05287 25.823 -0.091693
0.79593 -4.01743 25.8415 -0.0915863
0.798342 -3.98231 25.8599 -0.0914792
0.800754 -3.94751 25.8782 -0.0913718
0.803166 -3.91304 25.8964 -0.0912642
0.805578 -3.87889 25.9145 -0.0911562
0.80799 -3.84506 25.9325 -0.091048
0.810402 -3.81153 25.9504 -0.0909395
0.812814 -3.77832 25.9682 -0.0908307
0.815226 -3.74541 25.986 -0.0907217
0.817637 -3.71281 26.0036 -0.0906124
0.820049 -3.6805 26.0212 -0.0905028
0.822461 -3.6485 26.0387 -0.090393
0.824873 -3.61679 26.0561 -0.090283
0.827285 -3.58537 26.0733 -0.0901727
0.829697 -3.55423 26.0906 -0.0900621
0.832109 -3.52339 26.1077 -0.0899514
0.834521 -3.49283 26.1247 -0.0898404
0.836933 -3.46254 26.1416 -0.0897291
0.839345 -3.43254 26.1585 -0.0896177
0.841757 -3.40281 26.1753 -0.0895061
0.844169 -3.37335 26.1919 -0.0893942
0.84658 -3.34416 26.2085 -0.0892821
0.848992 -3.31524 26.225 -0.0891699
0.851404 -3.28658 26.2415 -0.0890574
0.853816 -3.25818 26.2578 -0.0889448
0.856228 -3.23004 26.2741 -0.088832
0.85864 -3.20216 26.2902 -0.088719
0.861052 -3.17453 26.3063 -0.0886059
0.863464 -3.14715 26.3223 -0.0884925
0.865876 -3.12002 26.3382 -0.0883791
0.868288 -3.09314 26.354 -0.0882654
0.8707 -3.0665 26.3698 -0.0881516
0.873111 -3.04011 26.3854 -0.0880377
0.875523 -3.01395 26.401 -0.0879236
0.877935 -2.98803 26.4165 -0.0878094
0.880347 -2.96234 26.4319 -0.0876951
0.882759 -2.93689 26.4473 -0.0875806
0.885171 -2.91166 26.4625 -0.087466
0.887583 -2.88667 26.4777 -0.0873513
0.889995 -2.8619 26.4928 -0.0872365
0.892407 -2.83735 26.5078 -0.0871216
0.894819 -2.81302 26.5227 -0.0870066
0.897231 -2.78891 26.5376 -0.0868915
0.899642 -2.76502 26.5523 -0.0867763
0.902054 -2.74135 26.567 -0.086661
0.904466 -2.71789 26.5816 -0.0865456
0.906878 -2.69464 26.5962 -0.0864302
0.90929 -2.67159 26.6106 -0.0863146
0.911702 -2.64876 26.625 -0.086199
0.914114 -2.62612 26.6393 -0.0860834
0.916526 -2.60369 26.6535 -0.0859677
0.918938 -2.58147 26.6677 -0.0858519
0.92135 -2.55944 26.6817 -0.0857361
0.923762 -2.5376 26.6957 -0.0856202
0.926173 -2.51597 26.7096 -0.0855043
0.928585 -2.49452 26.7235 -0.0853883
0.930997 -2.47327 26.7373 -0.0852723
0.933409 -2.4522 26.7509 -0.0851563
0.935821 -2.43133 26.7646 -0.0850403
0.938233 -2.41064 26.7781 -0.0849242
0.940645 -2.39013 26.7916 -0.0848081
0.943057 -2.36981 26.805 -0.084692
0.945469 -2.34966 26.8183 -0.0845759
0.947881 -2.3297 26.8315 -0.0844598
0.950293 -2.30991 26.8447 -0.0843436
0.952704 -2.2903 26.8578 -0.0842275
0.955116 -2.27086 26.8708 -0.0841114
0.957528 -2.2516 26.8838 -0.0839953
0.95994 -2.2325 26.8967 -0.0838792
0.962352 -2.21357 26.9095 -0.0837631
0.964764 -2.19481 26.9223 -0.083647
0.967176 -2.17622 26.9349 -0.083531
0.969588 -2.15779 26.9475 -0.083415
0.972 -2.13952 26.9601 -0.083299
0.974412 -2.12142 26.9725 -0.083183
0.976824 -2.10347 26.9849 -0.0830671
0.979235 -2.08568 26.9973 -0.0829512
0.981647 -2.06805 27.0095 -0.0828354
0.984059 -2.05057 27.0217 -0.0827196
0.986471 -2.03325 27.0339 -0.0826038
0.988883 -2.01607 27.0459 -0.0824881
0.991295 -1.99905 27.0579 -0.0823725
0.993707 -1.98218 27.0698 -0.0822569
0.996119 -1.96546 27.0817 -0.0821414
0.998531 -1.94888 27.0935 -0.0820259
1.00094 -1.93244 27.1052 -0.0819106
1.00335 -1.91616 27.1169 -0.0817952
1.00577 -1.90001 27.1285 -0.08168
1.00818 -1.884 27.14 -0.0815648
1.01059 -1.86814 27.1515 -0.0814497
1.013 -1.85241 27.1629 -0.0813347
1.01541 -1.83682 27.1742 -0.0812198
1.01783 -1.82136 27.1855 -0.0811049
1.02024 -1.80604 27.1967 -0.0809902
1.02265 -1.79086 27.2079 -0.0808755
1.02506 -1.7758 27.219 -0.0807609
1.02747 -1.76088 27.23 -0.0806464
1.02989 -1.74608 27.2409 -0.0805321
1.0323 -1.73141 27.2518 -0.0804178
1.03471 -1.71687 27.2627 -0.0803036
1.03712 -1.70246 27.2735 -0.0801895
1.03953 -1.68817 27.2842 -0.0800756
1.04195 -1.67401 27.2948 -0.0799617
1.04436 -1.65996 27.3054 -0.079848
1.04677 -1.64604 27.316 -0.0797343
1.04918 -1.63224 27.3265 -0.0796208
1.05159 -1.61856 27.3369 -0.0795074
1.054 -1.605 27.3473 -0.0793942
1.05642 -1.59155 27.3576 -0.079281
1.05883 -1.57822 27.3678 -0.079168
1.06124 -1.565 27.378 -0.0790551
1.06365 -1.5519 27.3881 -0.0789423
1.06606 -1.53891 27.3982 -0.0788297
1.06848 -1.52603 27.4082 -0.0787172
1.07089 -1.51326 27.4182 -0.0786048
1.0733 -1.5006 27.4281 -0.0784926
1.07571 -1.48805 27.4379 -0.0783805
1.07812 -1.47561 27.4477 -0.0782685
1.08054 -1.46328 27.4574 -0.0781567
1.08295 -1.45105 27.4671 -0.078045
1.08536 -1.43892 27.4768 -0.0779335
1.08777 -1.4269 27.4863 -0.0778221
1.09018 -1.41498 27.4958 -0.0777109
1.0926 -1.40316 27.5053 -0.0775998
1.09501 -1.39144 27.5147 -0.0774888
1.09742 -1.37983 27.5241 -0.077378
1.09983 -1.36831 27.5334 -0.0772674
1.10224 -1.35689 27.5426 -0.0771569
1.10465 -1.34557 27.5518 -0.0770466
1.10707 -1.33434 27.561 -0.0769365
1.10948 -1.32321 27.5701 -0.0768265
1.11189 -1.31218 27.5791 -0.0767166
1.1143 -1.30123 27.5881 -0.0766069
1.11671 -1.29038 27.597 -0.0764974
1.11913 -1.27963 27.6059 -0.0763881
1.12154 -1.26896 27.6147 -0.0762789
1.12395 -1.25838 27.6235 -0.0761699
1.12636 -1.2479 27.6323 -0.076061
1.12877 -1.2375 27.6409 -0.0759524
1.13119 -1.22719 27.6496 -0.0758439
1.1336 -1.21696 27.6582 -0.0757355
1.13601 -1.20683 27.6667 -0.0756274
1.13842 -1.19678 27.6752 -0.0755194
1.14083 -1.18681 27.6836 -0.0754116
1.14325 -1.17693 27.692 -0.075304
1.14566 -1.16713 27.7004 -0.0751965
1.14807 -1.15741 27.7087 -0.0750892
1.15048 -1.14778 27.7169 -0.0749821
1.15289 -1.13822 27.7251 -0.0748752
1.1553 -1.12875 27.7333 -0.0747685
1.15772 -1.11935 27.7414 -0.0746619
1.16013 -1.11004 27.7494 -0.0745556
1.16254 -1.1008 27.7575 -0.0744494
1.16495 -1.09164 27.7654 -0.0743434
1.16736 -1.08256 27.7734 -0.0742376
1.16978 -1.07355 27.7812 -0.0741319
1.17219 -1.06462 27.7891 -0.0740265
1.1746 -1.05576 27.7969 -0.0739212
1.17701 -1.04698 27.8046 -0.0738162
1.17942 -1.03827 27.8123 -0.0737113
1.18184 -1.02963 27.8199 -0.0736066
1.18425 -1.02107 27.8276 -0.0735021
1.18666 -1.01258 27.8351 -0.0733978
1.18907 -1.00415 27.8427 -0.0732937
1.19148 -0.995801 27.8501 -0.0731898
1.1939 -0.987518 27.8576 -0.0730861
1.19631 -0.979304 27.865 -0.0729826
1.19872 -0.971158 27.8723 -0.0728792
1.20113 -0.96308 27.8796 -0.0727761
1.20354 -0.955069 27.8869 -0.0726732
1.20596 -0.947125 27.8941 -0.0725704
1.20837 -0.939246 27.9013 -0.0724679
1.21078 -0.931433 27.9084 -0.0723655
1.21319 -0.923684 27.9155 -0.0722634
1.2156 -0.916 27.9226 -0.0721614
1.21801 -0.908379 27.9296 -0.0720597
1.22043 -0.900821 27.9366 -0.0719581
1.22284 -0.893326 27.9436 -0.0718568
1.22525 -0.885893 27.9505 -0.0717556
1.22766 -0.878521 27.9573 -0.0716547
1.23007 -0.87121 27.9641 -0.071554
1.23249 -0.863959 27.9709 -0.0714534
1.2349 -0.856768 27.9777 -0.0713531
1.23731 -0.849637 27.9844 -0.0712529
1.23972 -0.842564 27.991 -0.071153
1.24213 -0.835549 27.9977 -0.0710533
1.24455 -0.828592 28.0042 -0.0709537
1.24696 -0.821693 28.0108 -0.0708544
1.24937 -0.81485 28.0173 -0.0707553
1.25178 -0.808063 28.0238 -0.0706564
1.25419 -0.801332 28.0302 -0.0705577
1.25661 -0.794656 28.0366 -0.0704592
1.25902 -0.788035 28.043 -0.0703609
1.26143 -0.781468 28.0493 -0.0702628
1.26384 -0.774955 28.0556 -0.0701649
1.26625 -0.768495 28.0618 -0.0700672
1.26866 -0.762089 28.0681 -0.0699697
1.27108 -0.755734 28.0742 -0.0698725
1.27349 -0.749432 28.0804 -0.0697754
1.2759 -0.743181 28.0865 -0.0696785
1.27831 -0.736981 28.0926 -0.0695819
1.28072 -0.730832 28.0986 -0.0694855
1.28314 -0.724733 28.1046 -0.0693892
1.28555 -0.718684 28.1106 -0.0692932
1.28796 -0.712684 28.1165 -0.0691974
1.29037 -0.706733 28.1224 -0.0691018
1.29278 -0.700831 28.1283 -0.0690064
1.2952 -0.694976 28.1341 -0.0689112
1.29761 -0.689169 28.1399 -0.0688162
1.30002 -0.68341 28.1457 -0.0687214
1.30243 -0.677697 28.1514 -0.0686268
1.30484 -0.672031 28.1571 -0.0685325
1.30726 -0.66641 28.1628 -0.0684383
1.30967 -0.660836 28.1684 -0.0683444
1.31208 -0.655306 28.174 -0.0682506
1.31449 -0.649822 28.1796 -0.0681571
1.3169 -0.644382 28.1851 -0.0680638
1.31931 -0.638986 28.1906 -0.0679707
1.32173 -0.633634 28.1961 -0.0678778
1.32414 -0.628325 28.2015 -0.0677851
1.32655 -0.623059 28.207 -0.0676926
1.32896 -0.617835 28.2123 -0.0676003
1.33137 -0.612654 28.2177 -0.0675082
1.33379 -0.607515 28.223 -0.0674164
1.3362 -0.602417 28.2283 -0.0673247
1.33861 -0.597361 28.2335 -0.0672333
1.34102 -0.592345 28.2387 -0.067142
1.34343 -0.58737 28.2439 -0.067051
1.34585 -0.582435 28.2491 -0.0669602
1.34826 -0.57754 28.2542 -0.0668696
1.35067 -0.572684 28.2593 -0.0667792
1.35308 -0.567867 28.2644 -0.066689
1.35549 -0.563089 28.2695 -0.066599
1.35791 -0.55835 28.2745 -0.0665092
1.36032 -0.553649 28.2795 -0.0664196
1.36273 -0.548985 28.2844 -0.0663303
1.36514 -0.544359 28.2893 -0.0662411
1.36755 -0.539771 28.2942 -0.0661521
1.36996 -0.535219 28.2991 -0.0660634
1.37238 -0.530703 28.3039 -0.0659749
1.37479 -0.526224 28.3088 -0.0658865
1.3772 -0.521781 28.3135 -0.0657984
1.37961 -0.517374 28.3183 -0.0657105
1.38202 -0.513002 28.323 -0.0656228
1.38444 -0.508665 28.3277 -0.0655353
1.38685 -0.504362 28.3324 -0.065448
1.38926 -0.500094 28.3371 -0.0653609
1.39167 -0.495861 28.3417 -0.065274
1.39408 -0.491661 28.3463 -0.0651873
1.3965 -0.487495 28.3508 -0.0651008
1.39891 -0.483362 28.3554 -0.0650145
1.40132 -0.479262 28.3599 -0.0649285
1.40373 -0.475195 28.3644 -0.0648426
1.40614 -0.471161 28.3688 -0.0647569
1.40856 -0.467159 28.3733 -0.0646715
1.41097 -0.463189 28.3777 -0.0645862
1.41338 -0.45925 28.3821 -0.0645012
1.41579 -0.455343 28.3864 -0.0644163
1.4182 -0.451467 28.3907 -0.0643317
1.42061 -0.447622 28.395 -0.0642472
1.42303 -0.443808 28.3993 -0.064163
1.42544 -0.440024 28.4036 -0.064079
1.42785 -0.43627 28.4078 -0.0639951
1.43026 -0.432547 28.412 -0.0639115
1.43267 -0.428853 28.4162 -0.0638281
1.43509 -0.425188 28.4204 -0.0637448
1.4375 -0.421552 28.4245 -0.0636618
1.43991 -0.417946 28.4286 -0.063579
1.44232 -0.414368 28.4327 -0.0634963
1.44473 -0.410819 28.4367 -0.0634139
1.44715 -0.407298 28.4408 -0.0633317
1.44956 -0.403804 28.4448 -0.0632497
1.45197 -0.400339 28.4488 -0.0631678
1.45438 -0.396901 28.4527 -0.0630862
1.45679 -0.393491 28.4567 -0.0630048
1.45921 -0.390107 28.4606 -0.0629235
1.46162 -0.386751 28.4645 -0.0628425
1.46403 -0.383421 28.4684 -0.0627617
1.46644 -0.380118 28.4722 -0.062681
1.46885 -0.376841 28.4761 -0.0626006
1.47127 -0.37359 28.4799 -0.0625204
1.47368 -0.370364 28.4836 -0.0624403
1.47609 -0.367164 28.4874 -0.0623605
1.4785 -0.36399 28.4911 -0.0622808
1.48091 -0.360841 28.4949 -0.0622013
1.48332 -0.357717 28.4986 -0.0621221
1.48574 -0.354617 28.5022 -0.062043
1.48815 -0.351542 28.5059 -0.0619641
1.49056 -0.348492 28.5095 -0.0618854
1.49297 -0.345466 28.5131 -0.061807
1.49538 -0.342463 28.5167 -0.0617287
1.4978 -0.339485 28.5203 -0.0616506
1.50021 -0.33653 28.5238 -0.0615727
1.50262 -0.333598 28.5273 -0.0614949
1.50503 -0.33069 28.5308 -0.0614174
1.50744 -0.327805 28.5343 -0.0613401
1.50986 -0.324942 28.5378 -0.061263
1.51227 -0.322103 28.5412 -0.061186
1.51468 -0.319285 28.5446 -0.0611092
1.51709 -0.31649 28.548 -0.0610327
1.5195 -0.313717 28.5514 -0.0609563
1.52192 -0.310966 28.5548 -0.0608801
1.52433 -0.308237 28.5581 -0.0608041
1.52674 -0.30553 28.5614 -0.0607283
1.52915 -0.302844 28.5647 -0.0606527
1.53156 -0.300179 28.568 -0.0605773
1.53397 -0.297535 28.5713 -0.060502
1.53639 -0.294912 28.5745 -0.060427
1.5388 -0.29231 28.5777 -0.0603521
1.54121 -0.289728 28.5809 -0.0602774
1.54362 -0.287167 28.5841 -0.0602029
1.54603 -0.284626 28.5873 -0.0601286
1.54845 -0.282105 28.5904 -0.0600545
1.55086 -0.279605 28.5935 -0.0599805
1.55327 -0.277123 28.5966 -0.0599068
1.55568 -0.274662 28.5997 -0.0598332
1.55809 -0.27222 28.6028 -0.0597598
1.56051 -0.269797 28.6059 -0.0596866
1.56292 -0.267394 28.6089 -0.0596136
1.56533 -0.265009 28.6119 -0.0595408
1.56774 -0.262644 28.6149 -0.0594681
1.57015 -0.260297 28.6179 -0.0593957
1.57257 -0.257968 28.6208 -0.0593234
1.57498 -0.255658 28.6238 -0.0592513
1.57739 -0.253367 28.6267 -0.0591793
1.5798 -0.251093 28.6296 -0.0591076
1.58221 -0.248837 28.6325 -0.059036
1.58462 -0.2466 28.6354 -0.0589646
1.58704 -0.24438 28.6382 -0.0588934
1.58945 -0.242177 28.6411 -0.0588224
1.59186 -0.239992 28.6439 -0.0587516
1.59427 -0.237824 28.6467 -0.0586809
1.59668 -0.235674 28.6495 -0.0586104
1.5991 -0.23354 28.6523 -0.0585401
1.60151 -0.231423 28.655 -0.0584699
1.60392 -0.229323 28.6577 -0.0584
1.60633 -0.22724 28.6605 -0.0583302
1.60874 -0.225173 28.6632 -0.0582606
1.61116 -0.223123 28.6659 -0.0581911
1.61357 -0.221089 28.6685 -0.0581219
1.61598 -0.219071 28.6712 -0.0580528
1.61839 -0.217068 28.6738 -0.0579839
1.6208 -0.215082 28.6764 -0.0579151
1.62322 -0.213112 28.679 -0.0578466
1.62563 -0.211157 28.6816 -0.0577782
1.62804 -0.209217 28.6842 -0.05771
1.63045 -0.207293 28.6868 -0.0576419
1.63286 -0.205385 28.6893 -0.057574
1.63527 -0.203491 28.6918 -0.0575063
1.63769 -0.201613 28.6943 -0.0574388
1.6401 -0.199749 28.6968 -0.0573714
1.64251 -0.1979 28.6993 -0.0573043
1.64492 -0.196066 28.7018 -0.0572372
1.64733 -0.194246 28.7042 -0.0571704
1.64975 -0.192441 28.7067 -0.0571037
1.65216 -0.19065 28.7091 -0.0570372
1.65457 -0.188874 28.7115 -0.0569708
1.65698 -0.187111 28.7139 -0.0569046
1.65939 -0.185363 28.7163 -0.0568386
1.66181 -0.183628 28.7186 -0.0567728
1.66422 -0.181908 28.721 -0.0567071
1.66663 -0.1802 28.7233 -0.0566416
1.66904 -0.178507 28.7256 -0.0565762
1.67145 -0.176827 28.7279 -0.056511
1.67387 -0.175161 28.7302 -0.056446
1.67628 -0.173507 28.7325 -0.0563812
1.67869 -0.171867 28.7347 -0.0563165
1.6811 -0.17024 28.737 -0.0562519
1.68351 -0.168626 28.7392 -0.0561876
1.68593 -0.167025 28.7414 -0.0561234
1.68834 -0.165437 28.7436 -0.0560593
1.69075 -0.163861 28.7458 -0.0559954
1.69316 -0.162298 28.748 -0.0559317
1.69557 -0.160747 28.7502 -0.0558682
1.69798 -0.159209 28.7523 -0.0558048
1.7004 -0.157683 28.7545 -0.0557415
1.70281 -0.15617 28.7566 -0.0556785
1.70522 -0.154668 28.7587 -0.0556155
1.70763 -0.153178 28.7608 -0.0555528
1.71004 -0.151701 28.7629 -0.0554902
1.71246 -0.150235 28.7649 -0.0554277
1.71487 -0.148781 28.767 -0.0553654
1.71728 -0.147339 28.769 -0.0553033
1.71969 -0.145908 28.7711 -0.0552413
1.7221 -0.144489 28.7731 -0.0551795
1.72452 -0.143081 28.7751 -0.0551179
1.72693 -0.141685 28.7771 -0.0550564
1.72934 -0.1403 28.779 -0.054995
1.73175 -0.138925 28.781 -0.0549338
1.73416 -0.137562 28.783 -0.0548728
1.73658 -0.13621 28.7849 -0.0548119
1.73899 -0.134869 28.7868 -0.0547512
1.7414 -0.133539 28.7888 -0.0546906
1.74381 -0.132219 28.7907 -0.0546301
1.74622 -0.130911 28.7925 -0.0545699
1.74863 -0.129612 28.7944 -0.0545097
1.75105 -0.128325 28.7963 -0.0544498
1.75346 -0.127047 28.7981 -0.0543899
1.75587 -0.12578 28.8 -0.0543303
1.75828 -0.124523 28.8018 -0.0542708
1.76069 -0.123277 28.8036 -0.0542114
1.76311 -0.12204 28.8054 -0.0541522
1.76552 -0.120814 28.8072 -0.0540931
1.76793 -0.119598 28.809 -0.0540342
1.77034 -0.118391 28.8108 -0.0539754
1.77275 -0.117194 28.8125 -0.0539168
1.77517 -0.116007 28.8143 -0.0538583
1.77758 -0.11483 28.816 -0.0537999
1.77999 -0.113662 28.8178 -0.0537417
1.7824 -0.112504 28.8195 -0.0536837
1.78481 -0.111356 28.8212 -0.0536258
1.78723 -0.110216 28.8229 -0.0535681
1.78964 -0.109086 28.8245 -0.0535104
1.79205 -0.107966 28.8262 -0.053453
1.79446 -0.106854 28.8279 -0.0533957
1.79687 -0.105752 28.8295 -0.0533385
1.79928 -0.104658 28.8312 -0.0532815
1.8017 -0.103574 28.8328 -0.0532246
1.80411 -0.102499 28.8344 -0.0531678
1.80652 -0.101432 28.836 -0.0531112
1.80893 -0.100374 28.8376 -0.0530548
1.81134 -0.0993251 28.8392 -0.0529984
1.81376 -0.0982847 28.8407 -0.0529423
1.81617 -0.0972529 28.8423 -0.0528862
1.81858 -0.0962296 28.8439 -0.0528303
1.82099 -0.0952148 28.8454 -0.0527745
1.8234 -0.0942084 28.8469 -0.0527189
1.82582 -0.0932103 28.8484 -0.0526634
1.82823 -0.0922205 28.8499 -0.0526081
1.83064 -0.091239 28.8514 -0.0525529
1.83305 -0.0902656 28.8529 -0.0524978
1.83546 -0.0893003 28.8544 -0.0524429
1.83788 -0.0883431 28.8559 -0.0523881
1.84029 -0.0873939 28.8573 -0.0523334
1.8427 -0.0864526 28.8588 -0.0522789
1.84511 -0.0855192 28.8602 -0.0522245
1.84752 -0.0845935 28.8616 -0.0521703
1.84993 -0.0836757 28.8631 -0.0521162
1.85235 -0.0827655 28.8645 -0.0520622
1.85476 -0.081863 28.8659 -0.0520083
1.85717 -0.0809681 28.8673 -0.0519546
1.85958 -0.0800808 28.8686 -0.051901
1.86199 -0.0792009 28.87 -0.0518476
1.86441 -0.0783284 28.8714 -0.0517943
1.86682 -0.0774633 28.8727 -0.0517411
1.86923 -0.0766056 28.8741 -0.051688
1.87164 -0.0757551 28.8754 -0.0516351
1.87405 -0.0749118 28.8767 -0.0515823
1.87647 -0.0740757 28.878 -0.0515297
1.87888 -0.0732466 28.8793 -0.0514772
1.88129 -0.0724247 28.8806 -0.0514248
1.8837 -0.0716098 28.8819 -0.0513725
1.88611 -0.0708018 28.8832 -0.0513203
1.88853 -0.0700007 28.8844 -0.0512683
1.89094 -0.0692065 28.8857 -0.0512165
1.89335 -0.0684191 28.8869 -0.0511647
1.89576 -0.0676385 28.8882 -0.0511131
1.89817 -0.0668645 28.8894 -0.0510616
1.90059 -0.0660973 28.8906 -0.0510102
1.903 -0.0653366 28.8918 -0.050959
1.90541 -0.0645826 28.893 -0.0509078
1.90782 -0.063835 28.8942 -0.0508569
1.91023 -0.0630939 28.8954 -0.050806
1.91264 -0.0623593 28.8966 -0.0507552
1.91506 -0.061631 28.8978 -0.0507046
1.91747 -0.0609091 28.8989 -0.0506541
1.91988 -0.0601935 28.9001 -0.0506038
1.92229 -0.0594841 28.9012 -0.0505535
1.9247 -0.0587809 28.9023 -0.0505034
1.92712 -0.0580839 28.9035 -0.0504534
1.92953 -0.057393 28.9046 -0.0504035
1.93194 -0.0567082 28.9057 -0.0503538
1.93435 -0.0560293 28.9068 -0.0503041
1.93676 -0.0553565 28.9079 -0.0502546
1.93918 -0.0546897 28.909 -0.0502052
1.94159 -0.0540287 28.91 -0.050156
1.944 -0.0533736 28.9111 -0.0501068
1.94641 -0.0527243 28.9122 -0.0500578
1.94882 -0.0520807 28.9132 -0.0500089
1.95124 -0.051443 28.9143 -0.0499601
1.95365 -0.0508109 28.9153 -0.0499114
1.95606 -0.0501844 28.9163 -0.0498629
1.95847 -0.0495636 28.9173 -0.0498144
1.96088 -0.0489484 28.9183 -0.0497661
1.96329 -0.0483387 28.9193 -0.0497179
1.96571 -0.0477344 28.9203 -0.0496698
1.96812 -0.0471357 28.9213 -0.0496219
1.97053 -0.0465424 28.9223 -0.049574
1.97294 -0.0459544 28.9233 -0.0495263
1.97535 -0.0453718 28.9242 -0.0494787
1.97777 -0.0447945 28.9252 -0.0494312
1.98018 -0.0442224 28.9261 -0.0493838
1.98259 -0.0436556 28.9271 -0.0493365
1.985 -0.043094 28.928 -0.0492893
1.98741 -0.0425376 28.9289 -0.0492423
1.98983 -0.0419862 28.9299 -0.0491954
1.99224 -0.04144 28.9308 -0.0491486
1.99465 -0.0408988 28.9317 -0.0491019
1.99706 -0.0403626 28.9326 -0.0490553
1.99947 -0.0398314 28.9334 -0.0490088
2.00189 -0.0393051 28.9343 -0.0489624
2.0043 -0.0387838 28.9352 -0.0489162
2.00671 -0.0382673 28.9361 -0.04887
2.00912 -0.0377557 28.9369 -0.048824
2.01153 -0.0372488 28.9378 -0.0487781
2.01394 -0.0367468 28.9386 -0.0487323
2.01636 -0.0362495 28.9395 -0.0486866
2.01877 -0.0357569 28.9403 -0.048641
2.02118 -0.0352689 28.9411 -0.0485955
2.02359 -0.0347856 28.9419 -0.0485501
2.026 -0.034307 28.9427 -0.0485049
2.02842 -0.0338329 28.9435 -0.0484597
2.03083 -0.0333633 28.9443 -0.0484146
2.03324 -0.0328983 28.9451 -0.0483697
2.03565 -0.0324377 28.9459 -0.0483249
2.03806 -0.0319816 28.9467 -0.0482802
2.04048 -0.0315299 28.9474 -0.0482355
2.04289 -0.0310826 28.9482 -0.048191
2.0453 -0.0306397 28.949 -0.0481466
2.04771 -0.0302011 28.9497 -0.0481023
2.05012 -0.0297668 28.9504 -0.0480581
2.05254 -0.0293367 28.9512 -0.048014
2.05495 -0.0289109 28.9519 -0.0479701
2.05736 -0.0284894 28.9526 -0.0479262
2.05977 -0.028072 28.9533 -0.0478824
2.06218 -0.0276587 28.9541 -0.0478387
2.06459 -0.0272496 28.9548 -0.0477952
2.06701 -0.0268445 28.9554 -0.0477517
2.06942 -0.0264436 28.9561 -0.0477083
2.07183 -0.0260466 28.9568 -0.0476651
2.07424 -0.0256537 28.9575 -0.0476219
2.07665 -0.0252648 28.9582 -0.0475789
2.07907 -0.0248798 28.9588 -0.0475359
2.08148 -0.0244988 28.9595 -0.0474931
2.08389 -0.0241216 28.9601 -0.0474503
2.0863 -0.0237483 28.9608 -0.0474077
2.08871 -0.0233789 28.9614 -0.0473651
2.09113 -0.0230133 28.962 -0.0473227
2.09354 -0.0226515 28.9627 -0.0472803
2.09595 -0.0222935 28.9633 -0.0472381
2.09836 -0.0219392 28.9639 -0.0471959
2.10077 -0.0215886 28.9645 -0.0471539
2.10319 -0.0212417 28.9651 -0.0471119
2.1056 -0.0208985 28.9657 -0.0470701
2.10801 -0.0205589 28.9663 -0.0470283
2.11042 -0.0202229 28.9669 -0.0469867
2.11283 -0.0198906 28.9674 -0.0469451
2.11525 -0.0195618 28.968 -0.0469036
2.11766 -0.0192365 28.9686 -0.0468623
2.12007 -0.0189148 28.9691 -0.046821
2.12248 -0.0185965 28.9697 -0.0467798
2.12489 -0.0182817 28.9702 -0.0467388
2.1273 -0.0179704 28.9708 -0.0466978
2.12972 -0.0176625 28.9713 -0.0466569
2.13213 -0.017358 28.9718 -0.0466161
2.13454 -0.0170569 28.9724 -0.0465754
2.13695 -0.0167591 28.9729 -0.0465348
2.13936 -0.0164647 28.9734 -0.0464943
2.14178 -0.0161735 28.9739 -0.0464539
2.14419 -0.0158857 28.9744 -0.0464136
2.1466 -0.0156011 28.9749 -0.0463734
2.14901 -0.0153197 28.9754 -0.0463332
2.15142 -0.0150416 28.9759 -0.0462932
2.15384 -0.0147667 28.9764 -0.0462532
2.15625 -0.0144949 28.9768 -0.0462134
2.15866 -0.0142263 28.9773 -0.0461736
2.16107 -0.0139608 28.9778 -0.046134
2.16348 -0.0136985 28.9782 -0.0460944
2.1659 -0.0134392 28.9787 -0.0460549
2.16831 -0.013183 28.9791 -0.0460155
2.17072 -0.0129299 28.9796 -0.0459762
2.17313 -0.0126797 28.98 -0.045937
2.17554 -0.0124326 28.9804 -0.0458979
2.17795 -0.0121885 28.9809 -0.0458588
2.18037 -0.0119473 28.9813 -0.0458199
2.18278 -0.0117091 28.9817 -0.0457811
2.18519 -0.0114738 28.9821 -0.0457423
2.1876 -0.0112414 28.9825 -0.0457036
2.19001 -0.0110119 28.9829 -0.045665
2.19243 -0.0107853 28.9833 -0.0456265
2.19484 -0.0105615 28.9837 -0.0455881
2.19725 -0.0103405 28.9841 -0.0455498
2.19966 -0.0101224 28.9844 -0.0455116
2.20207 -0.009907 28.9848 -0.0454734
2.20449 -0.00969442 28.9852 -0.0454354
2.2069 -0.00948458 28.9855 -0.0453974
2.20931 -0.00927748 28.9859 -0.0453595
2.21172 -0.00907309 28.9863 -0.0453217
2.21413 -0.0088714 28.9866 -0.045284
2.21655 -0.00867239 28.9869 -0.0452464
2.21896 -0.00847605 28.9873 -0.0452088
2.22137 -0.00828234 28.9876 -0.0451714
2.22378 -0.00809126 28.9879 -0.045134
2.22619 -0.00790279 28.9883 -0.0450967
2.2286 -0.00771691 28.9886 -0.0450595
2.23102 -0.0075336 28.9889 -0.0450224
2.23343 -0.00735285 28.9892 -0.0449854
2.23584 -0.00717463 28.9895 -0.0449484
2.23825 -0.00699894 28.9898 -0.0449115
2.24066 -0.00682575 28.9901 -0.0448748
2.24308 -0.00665504 28.9904 -0.0448381
2.24549 -0.00648681 28.9907 -0.0448015
2.2479 -0.00632104 28.991 -0.0447649
2.25031 -0.0061577 28.9912 -0.0447285
2.25272 -0.00599678 28.9915 -0.0446921
2.25514 -0.00583826 28.9918 -0.0446558
2.25755 -0.00568214 28.992 -0.0446196
2.25996 -0.00552839 28.9923 -0.0445835
2.26237 -0.00537699 28.9926 -0.0445474
2.26478 -0.00522794 28.9928 -0.0445115
2.2672 -0.00508121 28.993 -0.0444756
2.26961 -0.0049368 28.9933 -0.0444398
2.27202 -0.00479467 28.9935 -0.0444041
2.27443 -0.00465483 28.9937 -0.0443684
2.27684 -0.00451725 28.994 -0.0443329
2.27925 -0.00438192 28.9942 -0.0442974
2.28167 -0.00424882 28.9944 -0.044262
2.28408 -0.00411794 28.9946 -0.0442267
2.28649 -0.00398926 28.9948 -0.0441914
2.2889 -0.00386278 28.995 -0.0441563
2.29131 -0.00373847 28.9952 -0.0441212
2.29373 -0.00361632 28.9954 -0.0440862
2.29614 -0.00349631 28.9956 -0.0440513
2.29855 -0.00337844 28.9958 -0.0440164
2.30096 -0.00326268 28.996 -0.0439816
2.30337 -0.00314903 28.9962 -0.043947
2.30579 -0.00303746 28.9963 -0.0439123
2.3082 -0.00292797 28.9965 -0.0438778
2.31061 -0.00282054 28.9967 -0.0438433
2.31302 -0.00271516 28.9968 -0.0438089
2.31543 -0.00261181 28.997 -0.0437746
2.31785 -0.00251049 28.9971 -0.0437404
2.32026 -0.00241117 28.9973 -0.0437062
2.32267 -0.00231384 28.9974 -0.0436722
2.32508 -0.00221849 28.9976 -0.0436382
2.32749 -0.00212511 28.9977 -0.0436042
2.32991 -0.00203369 28.9978 -0.0435704
2.33232 -0.0019442 28.998 -0.0435366
2.33473 -0.00185664 28.9981 -0.0435029
2.33714 -0.001771 28.9982 -0.0434692
2.33955 -0.00168726 28.9983 -0.0434357
2.34196 -0.00160541 28.9984 -0.0434022
2.34438 -0.00152544 28.9985 -0.0433688
2.34679 -0.00144733 28.9987 -0.0433355
2.3492 -0.00137108 28.9988 -0.0433022
2.35161 -0.00129666 28.9988 -0.043269
2.35402 -0.00122407 28.9989 -0.0432359
2.35644 -0.0011533 28.999 -0.0432028
2.35885 -0.00108434 28.9991 -0.0431699
2.36126 -0.00101716 28.9992 -0.043137
2.36367 -0.000951763 28.9993 -0.0431042
2.36608 -0.000888135 28.9993 -0.0430714
2.3685 -0.000826263 28.9994 -0.0430387
2.37091 -0.000766135 28.9995 -0.0430061
2.37332 -0.000707741 28.9995 -0.0429736
2.37573 -0.000651069 28.9996 -0.0429411
2.37814 -0.000596106 28.9996 -0.0429087
2.38056 -0.000542843 28.9997 -0.0428764
2.38297 -0.000491267 28.9997 -0.0428441
2.38538 -0.000441368 28.9998 -0.0428119
2.38779 -0.000393134 28.9998 -0.0427798
2.3902 -0.000346554 28.9999 -0.0427478
2.39261 -0.000301618 28.9999 -0.0427158
2.39503 -0.000258314 28.9999 -0.0426839
2.39744 -0.000216632 28.9999 -0.0426521
2.39985 -0.000176561 29 -0.0426203
2.40226 -0.00013809 29 -0.0425886
2.40467 -0.000101209 29 -0.042557
2.40709 -6.59075e-05 29 -0.0425255
2.4095 -3.21746e-05 29 -0.042494
2.41191 0 29 -0.0424626
